# Time-averaged data for fix f1
# TimeStep Number-of-rows
# Row c_pfull[1] c_pfull[2] c_pfull[3] c_pfull[4] c_pfull[5] c_pfull[6] c_pfull[7] c_pfull[8]
0 395
1 0.0300494 0 0 0 0 -0.214798 -0.214798 -0.182369
2 0.0901482 0 0 0 0 -0.212755 -0.212755 -0.182293
3 0.150247 0 0 0 0 -0.210713 -0.210713 -0.182172
4 0.210346 0 0 0 0 -0.208675 -0.208675 -0.182005
5 0.270445 0 0 0 0 -0.206645 -0.206645 -0.181793
6 0.330543 0 0 0 0 -0.204625 -0.204625 -0.181537
7 0.390642 0 0 0 0 -0.20262 -0.20262 -0.181237
8 0.450741 0 0 0 0 -0.200631 -0.200631 -0.180895
9 0.51084 0 0 0 0 -0.198661 -0.198661 -0.18051
10 0.570939 0 0 0 0 -0.196713 -0.196713 -0.180084
11 0.631037 0 0 0 0 -0.194788 -0.194788 -0.179617
12 0.691136 0 0 0 0 -0.192888 -0.192888 -0.179111
13 0.751235 0 0 0 0 -0.191014 -0.191014 -0.178566
14 0.811334 0 0 0 0 -0.189169 -0.189169 -0.177982
15 0.871433 0 0 0 0 -0.187352 -0.187352 -0.177362
16 0.931531 0 0 0 0 -0.185566 -0.185566 -0.176706
17 0.99163 0 0 0 0 -0.18381 -0.18381 -0.176014
18 1.05173 0 0 0 0 -0.182086 -0.182086 -0.175288
19 1.11183 0 0 0 0 -0.180394 -0.180394 -0.174529
20 1.17193 0 0 0 0 -0.178733 -0.178733 -0.173738
21 1.23203 0 0 0 0 -0.177104 -0.177104 -0.172915
22 1.29212 0 0 0 0 -0.175508 -0.175508 -0.172062
23 1.35222 0 0 0 0 -0.173943 -0.173943 -0.171179
24 1.41232 0 0 0 0 -0.172409 -0.172409 -0.170268
25 1.47242 0 0 0 0 -0.170907 -0.170907 -0.16933
26 1.53252 0 0 0 0 -0.169435 -0.169435 -0.168366
27 1.59262 0 0 0 0 -0.167994 -0.167994 -0.167376
28 1.65272 0 0 0 0 -0.166581 -0.166581 -0.166361
29 1.71282 0 0 0 0 -0.165197 -0.165197 -0.165324
30 1.77291 0 0 0 0 -0.16384 -0.16384 -0.164264
31 1.83301 0 0 0 0 -0.16251 -0.16251 -0.163183
32 1.89311 0 0 0 0 -0.161205 -0.161205 -0.162082
33 1.95321 0 0 0 0 -0.159925 -0.159925 -0.160962
34 2.01331 0 0 0 0 -0.158668 -0.158668 -0.159824
35 2.07341 0 0 0 0 -0.157434 -0.157434 -0.158669
36 2.13351 0 0 0 0 -0.15622 -0.15622 -0.157499
37 2.19361 0 0 0 0 -0.155026 -0.155026 -0.156314
38 2.25371 0 0 0 0 -0.153851 -0.153851 -0.155115
39 2.3138 0 0 0 0 -0.152693 -0.152693 -0.153904
40 2.3739 0 0 0 0 -0.151551 -0.151551 -0.152682
41 2.434 0 0 0 0 -0.150423 -0.150423 -0.151449
42 2.4941 0 0 0 0 -0.149308 -0.149308 -0.150208
43 2.5542 0 0 0 0 -0.148205 -0.148205 -0.148959
44 2.6143 0 0 0 0 -0.147113 -0.147113 -0.147704
45 2.6744 0 0 0 0 -0.14603 -0.14603 -0.146443
46 2.7345 0 0 0 0 -0.144955 -0.144955 -0.145177
47 2.79459 0 0 0 0 -0.143887 -0.143887 -0.143909
48 2.85469 0 0 0 0 -0.142824 -0.142824 -0.142639
49 2.91479 0 0 0 0 -0.141765 -0.141765 -0.141368
50 2.97489 0 0 0 0 -0.14071 -0.14071 -0.140098
51 3.03499 0 0 0 0 -0.139656 -0.139656 -0.138829
52 3.09509 0 0 0 0 -0.138604 -0.138604 -0.137562
53 3.15519 0 0 0 0 -0.137551 -0.137551 -0.1363
54 3.21529 0 0 0 0 -0.136497 -0.136497 -0.135042
55 3.27538 0 0 0 0 -0.135441 -0.135441 -0.13379
56 3.33548 0 0 0 0 -0.134383 -0.134383 -0.132545
57 3.39558 0 0 0 0 -0.133321 -0.133321 -0.131307
58 3.45568 0 0 0 0 -0.132255 -0.132255 -0.130079
59 3.51578 0 0 0 0 -0.131184 -0.131184 -0.12886
60 3.57588 0 0 0 0 -0.130108 -0.130108 -0.127652
61 3.63598 0 0 0 0 -0.129027 -0.129027 -0.126455
62 3.69608 0 0 0 0 -0.127939 -0.127939 -0.12527
63 3.75618 0 0 0 0 -0.126846 -0.126846 -0.124098
64 3.81627 0 0 0 0 -0.125746 -0.125746 -0.12294
65 3.87637 0 0 0 0 -0.12464 -0.12464 -0.121796
66 3.93647 0 0 0 0 -0.123528 -0.123528 -0.120667
67 3.99657 0 0 0 0 -0.122409 -0.122409 -0.119553
68 4.05667 0 0 0 0 -0.121285 -0.121285 -0.118455
69 4.11677 0 0 0 0 -0.120155 -0.120155 -0.117372
70 4.17687 0 0 0 0 -0.11902 -0.11902 -0.116307
71 4.23697 0 0 0 0 -0.11788 -0.11788 -0.115258
72 4.29706 0 0 0 0 -0.116736 -0.116736 -0.114227
73 4.35716 0 0 0 0 -0.115588 -0.115588 -0.113212
74 4.41726 0 0 0 0 -0.114438 -0.114438 -0.112215
75 4.47736 0 0 0 0 -0.113285 -0.113285 -0.111236
76 4.53746 0 0 0 0 -0.112131 -0.112131 -0.110274
77 4.59756 0 0 0 0 -0.110976 -0.110976 -0.10933
78 4.65766 0 0 0 0 -0.109821 -0.109821 -0.108403
79 4.71776 0 0 0 0 -0.108668 -0.108668 -0.107493
80 4.77786 0 0 0 0 -0.107517 -0.107517 -0.106601
81 4.83795 0 0 0 0 -0.106369 -0.106369 -0.105726
82 4.89805 0 0 0 0 -0.105225 -0.105225 -0.104867
83 4.95815 0 0 0 0 -0.104087 -0.104087 -0.104025
84 5.01825 0 0 0 0 -0.102954 -0.102954 -0.1032
85 5.07835 0 0 0 0 -0.101829 -0.101829 -0.10239
86 5.13845 0 0 0 0 -0.100712 -0.100712 -0.101596
87 5.19855 0 0 0 0 -0.0996035 -0.0996035 -0.100817
88 5.25865 0 0 0 0 -0.0985054 -0.0985054 -0.100053
89 5.31874 0 0 0 0 -0.0974183 -0.0974183 -0.0993035
90 5.37884 0 0 0 0 -0.0963432 -0.0963432 -0.0985681
91 5.43894 0 0 0 0 -0.0952809 -0.0952809 -0.0978463
92 5.49904 0 0 0 0 -0.0942322 -0.0942322 -0.0971377
93 5.55914 0 0 0 0 -0.0931979 -0.0931979 -0.0964418
94 5.61924 0 0 0 0 -0.0921789 -0.0921789 -0.0957581
95 5.67934 0 0 0 0 -0.0911757 -0.0911757 -0.0950864
96 5.73944 0 0 0 0 -0.0901892 -0.0901892 -0.094426
97 5.79953 0 0 0 0 -0.0892198 -0.0892198 -0.0937765
98 5.85963 0 0 0 0 -0.0882682 -0.0882682 -0.0931375
99 5.91973 0 0 0 0 -0.0873349 -0.0873349 -0.0925085
100 5.97983 0 0 0 0 -0.0864202 -0.0864202 -0.0918891
101 6.03993 0 0 0 0 -0.0855247 -0.0855247 -0.0912789
102 6.10003 0 0 0 0 -0.0846487 -0.0846487 -0.0906774
103 6.16013 0 0 0 0 -0.0837925 -0.0837925 -0.0900843
104 6.22023 0 0 0 0 -0.0829562 -0.0829562 -0.0894991
105 6.28033 0 0 0 0 -0.0821402 -0.0821402 -0.0889215
106 6.34042 0 0 0 0 -0.0813444 -0.0813444 -0.088351
107 6.40052 0 0 0 0 -0.0805692 -0.0805692 -0.0877874
108 6.46062 0 0 0 0 -0.0798144 -0.0798144 -0.0872303
109 6.52072 0 0 0 0 -0.0790801 -0.0790801 -0.0866794
110 6.58082 0 0 0 0 -0.0783662 -0.0783662 -0.0861343
111 6.64092 0 0 0 0 -0.0776727 -0.0776727 -0.0855948
112 6.70102 0 0 0 0 -0.0769995 -0.0769995 -0.0850605
113 6.76112 0 0 0 0 -0.0763462 -0.0763462 -0.0845314
114 6.82121 0 0 0 0 -0.0757129 -0.0757129 -0.084007
115 6.88131 0 0 0 0 -0.0750992 -0.0750992 -0.0834872
116 6.94141 0 0 0 0 -0.0745049 -0.0745049 -0.0829718
117 7.00151 0 0 0 0 -0.0739296 -0.0739296 -0.0824605
118 7.06161 0 0 0 0 -0.0733731 -0.0733731 -0.0819533
119 7.12171 0 0 0 0 -0.0728351 -0.0728351 -0.08145
120 7.18181 0 0 0 0 -0.072315 -0.072315 -0.0809505
121 7.24191 0 0 0 0 -0.0718126 -0.0718126 -0.0804545
122 7.302 0 0 0 0 -0.0713274 -0.0713274 -0.0799622
123 7.3621 0 0 0 0 -0.0708591 -0.0708591 -0.0794733
124 7.4222 0 0 0 0 -0.070407 -0.070407 -0.0789878
125 7.4823 0 0 0 0 -0.0699708 -0.0699708 -0.0785056
126 7.5424 0 0 0 0 -0.06955 -0.06955 -0.0780269
127 7.6025 0 0 0 0 -0.0691441 -0.0691441 -0.0775514
128 7.6626 0 0 0 0 -0.0687525 -0.0687525 -0.0770794
129 7.7227 0 0 0 0 -0.0683748 -0.0683748 -0.0766107
130 7.7828 0 0 0 0 -0.0680103 -0.0680103 -0.0761454
131 7.84289 0 0 0 0 -0.0676587 -0.0676587 -0.0756835
132 7.90299 0 0 0 0 -0.0673192 -0.0673192 -0.0752252
133 7.96309 0 0 0 0 -0.0669914 -0.0669914 -0.0747705
134 8.02319 0 0 0 0 -0.0666747 -0.0666747 -0.0743196
135 8.08329 0 0 0 0 -0.0663686 -0.0663686 -0.0738724
136 8.14339 0 0 0 0 -0.0660723 -0.0660723 -0.0734291
137 8.20349 0 0 0 0 -0.0657855 -0.0657855 -0.0729898
138 8.26359 0 0 0 0 -0.0655075 -0.0655075 -0.0725547
139 8.32368 0 0 0 0 -0.0652378 -0.0652378 -0.0721239
140 8.38378 0 0 0 0 -0.0649758 -0.0649758 -0.0716974
141 8.44388 0 0 0 0 -0.0647209 -0.0647209 -0.0712756
142 8.50398 0 0 0 0 -0.0644727 -0.0644727 -0.0708585
143 8.56408 0 0 0 0 -0.0642305 -0.0642305 -0.0704462
144 8.62418 0 0 0 0 -0.0639939 -0.0639939 -0.0700388
145 8.68428 0 0 0 0 -0.0637623 -0.0637623 -0.0696367
146 8.74438 0 0 0 0 -0.0635352 -0.0635352 -0.0692397
147 8.80447 0 0 0 0 -0.0633123 -0.0633123 -0.0688482
148 8.86457 0 0 0 0 -0.0630929 -0.0630929 -0.0684623
149 8.92467 0 0 0 0 -0.0628767 -0.0628767 -0.0680819
150 8.98477 0 0 0 0 -0.0626632 -0.0626632 -0.0677074
151 9.04487 0 0 0 0 -0.0624521 -0.0624521 -0.0673387
152 9.10497 0 0 0 0 -0.0622429 -0.0622429 -0.066976
153 9.16507 0 0 0 0 -0.0620354 -0.0620354 -0.0666194
154 9.22517 0 0 0 0 -0.0618292 -0.0618292 -0.0662689
155 9.28527 0 0 0 0 -0.061624 -0.061624 -0.0659246
156 9.34536 0 0 0 0 -0.0614196 -0.0614196 -0.0655865
157 9.40546 0 0 0 0 -0.0612157 -0.0612157 -0.0652547
158 9.46556 0 0 0 0 -0.061012 -0.061012 -0.0649292
159 9.52566 0 0 0 0 -0.0608086 -0.0608086 -0.06461
160 9.58576 0 0 0 0 -0.0606051 -0.0606051 -0.0642971
161 9.64586 0 0 0 0 -0.0604014 -0.0604014 -0.0639905
162 9.70596 0 0 0 0 -0.0601976 -0.0601976 -0.0636901
163 9.76606 0 0 0 0 -0.0599935 -0.0599935 -0.0633958
164 9.82615 0 0 0 0 -0.0597891 -0.0597891 -0.0631077
165 9.88625 0 0 0 0 -0.0595844 -0.0595844 -0.0628257
166 9.94635 0 0 0 0 -0.0593794 -0.0593794 -0.0625495
167 10.0065 0 0 0 0 -0.0591741 -0.0591741 -0.0622793
168 10.0665 0 0 0 0 -0.0589687 -0.0589687 -0.0620147
169 10.1266 0 0 0 0 -0.0587632 -0.0587632 -0.0617558
170 10.1867 0 0 0 0 -0.0585578 -0.0585578 -0.0615023
171 10.2468 0 0 0 0 -0.0583526 -0.0583526 -0.0612542
172 10.3069 0 0 0 0 -0.0581476 -0.0581476 -0.0610112
173 10.367 0 0 0 0 -0.0579432 -0.0579432 -0.0607732
174 10.4271 0 0 0 0 -0.0577394 -0.0577394 -0.0605401
175 10.4872 0 0 0 0 -0.0575365 -0.0575365 -0.0603117
176 10.5473 0 0 0 0 -0.0573346 -0.0573346 -0.0600878
177 10.6074 0 0 0 0 -0.057134 -0.057134 -0.0598682
178 10.6675 0 0 0 0 -0.0569348 -0.0569348 -0.0596528
179 10.7276 0 0 0 0 -0.0567373 -0.0567373 -0.0594414
180 10.7877 0 0 0 0 -0.0565417 -0.0565417 -0.0592339
181 10.8478 0 0 0 0 -0.0563482 -0.0563482 -0.0590299
182 10.9079 0 0 0 0 -0.0561569 -0.0561569 -0.0588295
183 10.968 0 0 0 0 -0.0559681 -0.0559681 -0.0586324
184 11.0281 0 0 0 0 -0.055782 -0.055782 -0.0584386
185 11.0882 0 0 0 0 -0.0555988 -0.0555988 -0.0582477
186 11.1483 0 0 0 0 -0.0554186 -0.0554186 -0.0580598
187 11.2084 0 0 0 0 -0.0552416 -0.0552416 -0.0578747
188 11.2685 0 0 0 0 -0.055068 -0.055068 -0.0576923
189 11.3286 0 0 0 0 -0.0548978 -0.0548978 -0.0575124
190 11.3887 0 0 0 0 -0.0547312 -0.0547312 -0.0573351
191 11.4488 0 0 0 0 -0.0545683 -0.0545683 -0.0571601
192 11.5089 0 0 0 0 -0.0544092 -0.0544092 -0.0569876
193 11.569 0 0 0 0 -0.054254 -0.054254 -0.0568174
194 11.6291 0 0 0 0 -0.0541026 -0.0541026 -0.0566495
195 11.6892 0 0 0 0 -0.0539552 -0.0539552 -0.0564839
196 11.7493 0 0 0 0 -0.0538117 -0.0538117 -0.0563206
197 11.8094 0 0 0 0 -0.0536722 -0.0536722 -0.0561596
198 11.8695 0 0 0 0 -0.0535366 -0.0535366 -0.0560011
199 11.9296 0 0 0 0 -0.0534048 -0.0534048 -0.0558449
200 11.9897 0 0 0 0 -0.0532768 -0.0532768 -0.0556914
201 12.0498 0 0 0 0 -0.0531524 -0.0531524 -0.0555405
202 12.1099 0 0 0 0 -0.0530317 -0.0530317 -0.0553923
203 12.17 0 0 0 0 -0.0529143 -0.0529143 -0.0552471
204 12.2301 0 0 0 0 -0.0528003 -0.0528003 -0.055105
205 12.2902 0 0 0 0 -0.0526894 -0.0526894 -0.0549662
206 12.3503 0 0 0 0 -0.0525814 -0.0525814 -0.0548309
207 12.4104 0 0 0 0 -0.0524762 -0.0524762 -0.0546994
208 12.4705 0 0 0 0 -0.0523734 -0.0523734 -0.0545718
209 12.5306 0 0 0 0 -0.0522729 -0.0522729 -0.0544486
210 12.5907 0 0 0 0 -0.0521744 -0.0521744 -0.0543299
211 12.6508 0 0 0 0 -0.0520776 -0.0520776 -0.0542161
212 12.7109 0 0 0 0 -0.0519823 -0.0519823 -0.0541076
213 12.771 0 0 0 0 -0.0518882 -0.0518882 -0.0540047
214 12.8311 0 0 0 0 -0.0517949 -0.0517949 -0.0539078
215 12.8912 0 0 0 0 -0.0517021 -0.0517021 -0.0538173
216 12.9513 0 0 0 0 -0.0516096 -0.0516096 -0.0537335
217 13.0114 0 0 0 0 -0.051517 -0.051517 -0.053657
218 13.0715 0 0 0 0 -0.051424 -0.051424 -0.0535881
219 13.1316 0 0 0 0 -0.0513303 -0.0513303 -0.0535274
220 13.1917 0 0 0 0 -0.0512356 -0.0512356 -0.0534752
221 13.2518 0 0 0 0 -0.0511395 -0.0511395 -0.0534321
222 13.3119 0 0 0 0 -0.0510418 -0.0510418 -0.0533985
223 13.372 0 0 0 0 -0.0509422 -0.0509422 -0.0533749
224 13.4321 0 0 0 0 -0.0508404 -0.0508404 -0.0533618
225 13.4922 0 0 0 0 -0.0507362 -0.0507362 -0.0533597
226 13.5523 0 0 0 0 -0.0506293 -0.0506293 -0.053369
227 13.6124 0 0 0 0 -0.0505195 -0.0505195 -0.0533903
228 13.6725 0 0 0 0 -0.0504067 -0.0504067 -0.0534239
229 13.7326 0 0 0 0 -0.0502908 -0.0502908 -0.0534704
230 13.7927 0 0 0 0 -0.0501715 -0.0501715 -0.0535302
231 13.8528 0 0 0 0 -0.0500488 -0.0500488 -0.0536038
232 13.9129 0 0 0 0 -0.0499228 -0.0499228 -0.0536914
233 13.973 0 0 0 0 -0.0497933 -0.0497933 -0.0537935
234 14.0331 0 0 0 0 -0.0496605 -0.0496605 -0.0539105
235 14.0932 0 0 0 0 -0.0495244 -0.0495244 -0.0540426
236 14.1533 0 0 0 0 -0.0493853 -0.0493853 -0.0541902
237 14.2134 0 0 0 0 -0.0492432 -0.0492432 -0.0543536
238 14.2735 0 0 0 0 -0.0490984 -0.0490984 -0.0545329
239 14.3336 0 0 0 0 -0.0489512 -0.0489512 -0.0547284
240 14.3937 0 0 0 0 -0.048802 -0.048802 -0.0549401
241 14.4538 0 0 0 0 -0.0486512 -0.0486512 -0.0551683
242 14.5139 0 0 0 0 -0.0484991 -0.0484991 -0.055413
243 14.574 0 0 0 0 -0.0483464 -0.0483464 -0.0556741
244 14.6341 0 0 0 0 -0.0481936 -0.0481936 -0.0559518
245 14.6942 0 0 0 0 -0.0480412 -0.0480412 -0.0562459
246 14.7543 0 0 0 0 -0.0478899 -0.0478899 -0.0565562
247 14.8144 0 0 0 0 -0.0477404 -0.0477404 -0.0568828
248 14.8745 0 0 0 0 -0.0475935 -0.0475935 -0.0572253
249 14.9346 0 0 0 0 -0.0474498 -0.0474498 -0.0575835
250 14.9947 0 0 0 0 -0.0473103 -0.0473103 -0.0579572
251 15.0548 0 0 0 0 -0.0471757 -0.0471757 -0.0583461
252 15.1148 0 0 0 0 -0.0470469 -0.0470469 -0.0587497
253 15.1749 0 0 0 0 -0.0469248 -0.0469248 -0.0591677
254 15.235 0 0 0 0 -0.0468102 -0.0468102 -0.0595997
255 15.2951 0 0 0 0 -0.0467042 -0.0467042 -0.0600453
256 15.3552 0 0 0 0 -0.0466077 -0.0466077 -0.0605039
257 15.4153 0 0 0 0 -0.0465215 -0.0465215 -0.0609751
258 15.4754 0 0 0 0 -0.0464467 -0.0464467 -0.0614584
259 15.5355 0 0 0 0 -0.0463842 -0.0463842 -0.0619532
260 15.5956 0 0 0 0 -0.0463349 -0.0463349 -0.062459
261 15.6557 0 0 0 0 -0.0462998 -0.0462998 -0.0629753
262 15.7158 0 0 0 0 -0.0462799 -0.0462799 -0.0635016
263 15.7759 0 0 0 0 -0.046276 -0.046276 -0.0640372
264 15.836 0 0 0 0 -0.0462891 -0.0462891 -0.0645818
265 15.8961 0 0 0 0 -0.0463201 -0.0463201 -0.0651348
266 15.9562 0 0 0 0 -0.0463699 -0.0463699 -0.0656956
267 16.0163 0 0 0 0 -0.0464393 -0.0464393 -0.0662639
268 16.0764 0 0 0 0 -0.0465293 -0.0465293 -0.0668391
269 16.1365 0 0 0 0 -0.0466407 -0.0466407 -0.0674209
270 16.1966 0 0 0 0 -0.0467744 -0.0467744 -0.0680089
271 16.2567 0 0 0 0 -0.0469313 -0.0469313 -0.0686027
272 16.3168 0 0 0 0 -0.0471123 -0.0471123 -0.069202
273 16.3769 0 0 0 0 -0.0473181 -0.0473181 -0.0698066
274 16.437 0 0 0 0 -0.0475498 -0.0475498 -0.0704161
275 16.4971 0 0 0 0 -0.0478082 -0.0478082 -0.0710305
276 16.5572 0 0 0 0 -0.0480943 -0.0480943 -0.0716496
277 16.6173 0 0 0 0 -0.048409 -0.048409 -0.0722732
278 16.6774 0 0 0 0 -0.0487533 -0.0487533 -0.0729014
279 16.7375 0 0 0 0 -0.0491283 -0.0491283 -0.0735341
280 16.7976 0 0 0 0 -0.0495351 -0.0495351 -0.0741714
281 16.8577 0 0 0 0 -0.0499749 -0.0499749 -0.0748134
282 16.9178 0 0 0 0 -0.0504488 -0.0504488 -0.0754601
283 16.9779 0 0 0 0 -0.0509582 -0.0509582 -0.0761118
284 17.038 0 0 0 0 -0.0515044 -0.0515044 -0.0767686
285 17.0981 0 0 0 0 -0.0520889 -0.0520889 -0.0774309
286 17.1582 0 0 0 0 -0.0527132 -0.0527132 -0.0780988
287 17.2183 0 0 0 0 -0.053379 -0.053379 -0.0787728
288 17.2784 0 0 0 0 -0.054088 -0.054088 -0.0794531
289 17.3385 0 0 0 0 -0.0548419 -0.0548419 -0.08014
290 17.3986 0 0 0 0 -0.0556428 -0.0556428 -0.080834
291 17.4587 0 0 0 0 -0.0564926 -0.0564926 -0.0815355
292 17.5188 0 0 0 0 -0.0573934 -0.0573934 -0.0822449
293 17.5789 0 0 0 0 -0.0583474 -0.0583474 -0.0829625
294 17.639 0 0 0 0 -0.0593568 -0.0593568 -0.0836888
295 17.6991 0 0 0 0 -0.060424 -0.060424 -0.0844243
296 17.7592 0 0 0 0 -0.0615514 -0.0615514 -0.0851693
297 17.8193 0 0 0 0 -0.0627414 -0.0627414 -0.0859242
298 17.8794 0 0 0 0 -0.0639965 -0.0639965 -0.0866895
299 17.9395 0 0 0 0 -0.0653193 -0.0653193 -0.0874656
300 17.9996 0 0 0 0 -0.0667122 -0.0667122 -0.0882528
301 18.0597 0 0 0 0 -0.0681778 -0.0681778 -0.0890514
302 18.1198 0 0 0 0 -0.0697186 -0.0697186 -0.0898619
303 18.1799 0 0 0 0 -0.0713369 -0.0713369 -0.0906845
304 18.24 0 0 0 0 -0.0730352 -0.0730352 -0.0915195
305 18.3001 0 0 0 0 -0.0748158 -0.0748158 -0.0923672
306 18.3602 0 0 0 0 -0.0766808 -0.0766808 -0.0932278
307 18.4203 0 0 0 0 -0.0786322 -0.0786322 -0.0941015
308 18.4804 0 0 0 0 -0.0806719 -0.0806719 -0.0949885
309 18.5405 0 0 0 0 -0.0828015 -0.0828015 -0.0958891
310 18.6006 0 0 0 0 -0.0850225 -0.0850225 -0.0968032
311 18.6607 0 0 0 0 -0.0873361 -0.0873361 -0.097731
312 18.7208 0 0 0 0 -0.0897431 -0.0897431 -0.0986726
313 18.7809 0 0 0 0 -0.0922444 -0.0922444 -0.099628
314 18.841 0 0 0 0 -0.09484 -0.09484 -0.100597
315 18.9011 0 0 0 0 -0.0975301 -0.0975301 -0.10158
316 18.9612 0 0 0 0 -0.100314 -0.100314 -0.102577
317 19.0213 0 0 0 0 -0.103192 -0.103192 -0.103588
318 19.0814 0 0 0 0 -0.106161 -0.106161 -0.104613
319 19.1415 0 0 0 0 -0.109221 -0.109221 -0.105651
320 19.2016 0 0 0 0 -0.11237 -0.11237 -0.106703
321 19.2617 0 0 0 0 -0.115605 -0.115605 -0.107768
322 19.3218 0 0 0 0 -0.118922 -0.118922 -0.108846
323 19.3819 0 0 0 0 -0.12232 -0.12232 -0.109938
324 19.442 0 0 0 0 -0.125794 -0.125794 -0.111043
325 19.5021 0 0 0 0 -0.12934 -0.12934 -0.112161
326 19.5622 0 0 0 0 -0.132952 -0.132952 -0.113292
327 19.6223 0 0 0 0 -0.136627 -0.136627 -0.114435
328 19.6824 0 0 0 0 -0.140358 -0.140358 -0.11559
329 19.7425 0 0 0 0 -0.14414 -0.14414 -0.116758
330 19.8026 0 0 0 0 -0.147966 -0.147966 -0.117938
331 19.8627 0 0 0 0 -0.151829 -0.151829 -0.119129
332 19.9228 0 0 0 0 -0.155722 -0.155722 -0.120332
333 19.9829 0 0 0 0 -0.159639 -0.159639 -0.121546
334 20.043 0 0 0 0 -0.16357 -0.16357 -0.12277
335 20.1031 0 0 0 0 -0.167508 -0.167508 -0.124006
336 20.1631 0 0 0 0 -0.171446 -0.171446 -0.125251
337 20.2232 0 0 0 0 -0.175374 -0.175374 -0.126507
338 20.2833 0 0 0 0 -0.179284 -0.179284 -0.127771
339 20.3434 0 0 0 0 -0.183167 -0.183167 -0.129045
340 20.4035 0 0 0 0 -0.187015 -0.187015 -0.130328
341 20.4636 0 0 0 0 -0.190819 -0.190819 -0.131618
342 20.5237 0 0 0 0 -0.19457 -0.19457 -0.132916
343 20.5838 0 0 0 0 -0.19826 -0.19826 -0.134221
344 20.6439 0 0 0 0 -0.201879 -0.201879 -0.135532
345 20.704 0 0 0 0 -0.20542 -0.20542 -0.136848
346 20.7641 0 0 0 0 -0.208875 -0.208875 -0.138169
347 20.8242 0 0 0 0 -0.212234 -0.212234 -0.139494
348 20.8843 0 0 0 0 -0.215491 -0.215491 -0.140822
349 20.9444 0 0 0 0 -0.218639 -0.218639 -0.142153
350 21.0045 0 0 0 0 -0.221669 -0.221669 -0.143484
351 21.0646 0 0 0 0 -0.224577 -0.224577 -0.144816
352 21.1247 0 0 0 0 -0.227354 -0.227354 -0.146146
353 21.1848 0 0 0 0 -0.229996 -0.229996 -0.147475
354 21.2449 0 0 0 0 -0.232497 -0.232497 -0.1488
355 21.305 0 0 0 0 -0.234853 -0.234853 -0.15012
356 21.3651 0 0 0 0 -0.237059 -0.237059 -0.151434
357 21.4252 0 0 0 0 -0.239112 -0.239112 -0.152742
358 21.4853 0 0 0 0 -0.241008 -0.241008 -0.15404
359 21.5454 0 0 0 0 -0.242745 -0.242745 -0.155328
360 21.6055 0 0 0 0 -0.24432 -0.24432 -0.156604
361 21.6656 0 0 0 0 -0.245733 -0.245733 -0.157867
362 21.7257 0 0 0 0 -0.246982 -0.246982 -0.159115
363 21.7858 0 0 0 0 -0.248067 -0.248067 -0.160346
364 21.8459 0 0 0 0 -0.248989 -0.248989 -0.161559
365 21.906 0 0 0 0 -0.249748 -0.249748 -0.162753
366 21.9661 0 0 0 0 -0.250346 -0.250346 -0.163925
367 22.0262 0 0 0 0 -0.250784 -0.250784 -0.165074
368 22.0863 0 0 0 0 -0.251066 -0.251066 -0.166198
369 22.1464 0 0 0 0 -0.251193 -0.251193 -0.167296
370 22.2065 0 0 0 0 -0.251169 -0.251169 -0.168365
371 22.2666 0 0 0 0 -0.250998 -0.250998 -0.169406
372 22.3267 0 0 0 0 -0.250684 -0.250684 -0.170415
373 22.3868 0 0 0 0 -0.250231 -0.250231 -0.171391
374 22.4469 0 0 0 0 -0.249645 -0.249645 -0.172333
375 22.507 0 0 0 0 -0.248931 -0.248931 -0.17324
376 22.5671 0 0 0 0 -0.248093 -0.248093 -0.17411
377 22.6272 0 0 0 0 -0.247138 -0.247138 -0.174942
378 22.6873 0 0 0 0 -0.246072 -0.246072 -0.175734
379 22.7474 0 0 0 0 -0.2449 -0.2449 -0.176486
380 22.8075 0 0 0 0 -0.243629 -0.243629 -0.177196
381 22.8676 0 0 0 0 -0.242264 -0.242264 -0.177864
382 22.9277 0 0 0 0 -0.240813 -0.240813 -0.178488
383 22.9878 0 0 0 0 -0.239281 -0.239281 -0.179068
384 23.0479 0 0 0 0 -0.237675 -0.237675 -0.179603
385 23.108 0 0 0 0 -0.236001 -0.236001 -0.180092
386 23.1681 0 0 0 0 -0.234266 -0.234266 -0.180535
387 23.2282 0 0 0 0 -0.232475 -0.232475 -0.180931
388 23.2883 0 0 0 0 -0.230634 -0.230634 -0.18128
389 23.3484 0 0 0 0 -0.22875 -0.22875 -0.181582
390 23.4085 0 0 0 0 -0.226828 -0.226828 -0.181837
391 23.4686 0 0 0 0 -0.224874 -0.224874 -0.182044
392 23.5287 0 0 0 0 -0.222893 -0.222893 -0.182203
393 23.5888 0 0 0 0 -0.22089 -0.22089 -0.182315
394 23.6489 0 0 0 0 -0.21887 -0.21887 -0.18238
395 23.709 0 0 0 0 -0.216838 -0.216838 -0.182398
