# Chunk-averaged data for fix fHar and group all
# Timestep Number-of-chunks Total-count
# Chunk Coord1 Ncount c_sa[1] c_sa[2] c_sa[3]
30000 360 1267.0000000000011
  1 0.05 0.1 -0.0286946 -0.0194148 -0.15785
  2 0.15 0.1 -0.0196554 -0.103597 -0.0775127
  3 0.25 0.233333 -0.0731446 -0.253115 -0.272658
  4 0.35 0.2 -0.447027 -0.0901356 -0.143157
  5 0.45 0.1 -0.00910089 -0.00183813 -0.00657699
  6 0.55 0.0333333 -0.000635159 -0.00838785 -0.0847037
  7 0.65 0.1 -0.0805996 -0.101395 -0.208592
  8 0.75 0.133333 -0.0043756 -0.118956 0.0207841
  9 0.85 0.1 -0.102453 -0.104188 -0.0950164
  10 0.95 0.0666667 -0.0221839 -0.138377 -0.0146194
  11 1.05 0.266667 -0.378276 -0.196375 -0.236069
  12 1.15 0.166667 0.0148901 -0.153974 -0.0532054
  13 1.25 0.133333 -0.152704 -0.0947856 -0.0145794
  14 1.35 0.133333 -0.197379 -0.209425 -0.0941182
  15 1.45 0.0666667 -0.310971 -0.213956 -0.014637
  16 1.55 0.166667 -0.124396 -0.260469 -0.0769159
  17 1.65 0.266667 -0.219084 -0.340539 -0.368991
  18 1.75 0.1 -0.0237355 -0.0150399 -0.0183954
  19 1.85 0.233333 -0.0761493 0.0413264 -0.162602
  20 1.95 0.0333333 -0.00822276 0.00294176 0.0159459
  21 2.05 0.0333333 -0.157712 -0.0203681 -0.0225713
  22 2.15 0.1 -0.00890696 -0.00812479 -0.0108857
  23 2.25 0.166667 -0.0555131 -0.115353 -0.179801
  24 2.35 0.0333333 -0.119095 -0.0262397 0.00592597
  25 2.45 0.166667 -0.0610772 -0.0946138 -0.0581271
  26 2.55 0.133333 -0.0409385 0.0798973 -0.0579409
  27 2.65 0.2 -0.0664125 -0.33995 -0.154434
  28 2.75 0.0666667 -0.0162934 -0.00106197 -0.0813242
  29 2.85 0.166667 -0.101737 -0.3117 -0.0935457
  30 2.95 0.2 -0.0310928 -0.400173 0.00768292
  31 3.05 0.133333 -0.122678 -0.0360286 -0.0686353
  32 3.15 0.233333 -0.0302699 -0.070602 -0.170595
  33 3.25 0.166667 -0.0224724 -0.0812212 -0.105842
  34 3.35 0.166667 0.073282 -0.00769358 -0.00557398
  35 3.45 0.166667 -0.182898 -0.0162777 -0.110848
  36 3.55 0.233333 -0.498072 -0.0298984 -0.120075
  37 3.65 0.166667 -0.0356578 -0.0437064 -0.0116987
  38 3.75 0.0333333 -0.0250851 1.27217e-05 -0.00684408
  39 3.85 0.0666667 -0.0132183 0.00705222 -0.152135
  40 3.95 0.1 -0.000406072 -0.0649308 -0.131875
  41 4.05 0.0666667 -0.00826849 -0.0090294 -0.109235
  42 4.15 0.1 0.0324506 0.0149548 0.0687537
  43 4.25 0.166667 -0.0976136 -0.152681 -0.162765
  44 4.35 0.2 -0.0329669 -0.0954046 -0.137963
  45 4.45 0.133333 -0.120914 -0.0613153 -0.043754
  46 4.55 0.1 0.0158259 -0.0124301 0.025868
  47 4.65 0.166667 -0.0467851 -0.199901 -0.310643
  48 4.75 0.0666667 -0.168524 0.044933 -0.106318
  49 4.85 0.2 -0.0679431 -0.280346 -0.303845
  50 4.95 0.2 -0.0467412 -0.0780378 -0.0780356
  51 5.05 0.2 -0.0677219 -0.114635 -0.0278346
  52 5.15 0.2 -0.137737 -0.11328 -0.0374761
  53 5.25 0.133333 -0.0816169 -0.0218802 -0.13921
  54 5.35 0.233333 -0.0742952 -0.212886 -0.209054
  55 5.45 0.0666667 0.0207009 -0.025928 -4.31398e-05
  56 5.55 0.1 -0.0832516 -0.173125 -0.0166541
  57 5.65 0.166667 -0.233571 -0.131215 -0.198746
  58 5.75 0.166667 -0.403026 -0.150241 0.0183093
  59 5.85 0.133333 -0.117156 -0.0604994 -0.086532
  60 5.95 0.166667 -0.0507025 -0.0923307 -0.100238
  61 6.05 0.1 -0.247133 -0.0768213 0.0631088
  62 6.15 0.1 -0.155895 -0.0152437 -0.0435562
  63 6.25 0.0333333 -0.0792008 -0.118769 -0.104291
  64 6.35 0.0333333 0.000398329 -0.129215 -0.342745
  65 6.45 0.233333 -0.10893 -0.0958505 -0.230792
  66 6.55 0.1 -0.00216465 0.0282355 0.0339327
  67 6.65 0.233333 -0.242924 -0.00119679 -0.161446
  68 6.75 0.3 -0.249756 -0.321223 -0.358903
  69 6.85 0.166667 -0.0167982 -0.070658 -0.0686581
  70 6.95 0.133333 -0.507771 -0.142653 -0.1648
  71 7.05 0.366667 -0.5234 -0.349249 -0.0426625
  72 7.15 0.2 -0.0243177 -0.0815575 -0.0162203
  73 7.25 0.166667 0.0485784 -0.191579 -0.349865
  74 7.35 0.4 -0.495519 -0.0465686 0.15606
  75 7.45 0.3 -0.0348468 -0.42621 -0.0885004
  76 7.55 0.2 -0.279737 -0.149878 0.000673017
  77 7.65 0.366667 0.0768496 -0.0232891 0.163752
  78 7.75 0.133333 -0.107014 -0.0966297 -0.30651
  79 7.85 0.433333 -0.0716076 -0.136441 -0.0108798
  80 7.95 0.333333 -0.256212 -0.408367 -0.169102
  81 8.05 0.433333 -0.25894 0.101081 0.288385
  82 8.15 0.366667 -0.137383 -0.247673 -0.235104
  83 8.25 0.5 0.215972 0.146586 0.50032
  84 8.35 0.633333 0.399466 0.0342591 0.068524
  85 8.45 0.6 -0.458281 -0.312631 0.0944514
  86 8.55 0.833333 -0.817669 0.4507 0.410977
  87 8.65 1.23333 0.513037 0.555771 0.656877
  88 8.75 1.13333 0.0185979 0.604691 0.157978
  89 8.85 1.26667 0.925824 0.927057 1.55717
  90 8.95 1.5 0.407078 0.659339 1.38667
  91 9.05 1.66667 0.838063 1.23966 1.74384
  92 9.15 2.1 1.26614 0.637655 1.22442
  93 9.25 2.1 1.76316 1.91379 1.4081
  94 9.35 2.73333 1.89087 2.97794 0.992394
  95 9.45 2.8 1.25052 0.249645 0.571571
  96 9.55 3.5 2.95502 -1.14932 -0.436408
  97 9.65 3.63333 0.318043 3.2183 2.68007
  98 9.75 3.8 2.45927 3.00958 2.70653
  99 9.85 3.8 3.00405 2.22305 4.05749
  100 9.95 4.43333 1.87276 1.94188 0.549272
  101 10.05 4.96667 2.71459 1.35225 2.46636
  102 10.15 5.86667 3.93504 5.39095 -0.083107
  103 10.25 5.03333 2.17219 3.22552 1.00281
  104 10.35 5.8 7.16028 4.91627 1.84017
  105 10.45 6.3 5.70677 -0.355607 1.97333
  106 10.55 6.1 6.08264 6.49963 3.18221
  107 10.65 6 0.887785 3.30584 1.20528
  108 10.75 6.5 7.13935 2.27854 2.3904
  109 10.85 6.4 4.99347 1.14034 0.563601
  110 10.95 6.46667 6.52796 5.67009 2.01331
  111 11.05 6.36667 4.21449 1.23847 -1.13208
  112 11.15 7.1 4.14014 3.16072 1.53925
  113 11.25 7.33333 1.17239 3.36575 -4.3798
  114 11.35 6.96667 2.76956 7.38794 1.84059
  115 11.45 7.33333 1.48699 0.339033 -4.87043
  116 11.55 6.96667 5.72682 3.32647 2.8233
  117 11.65 6.9 0.0685076 3.19188 2.47119
  118 11.75 6.66667 3.9616 2.0516 1.70617
  119 11.85 7.4 6.05779 2.30814 0.817268
  120 11.95 7.5 1.71801 2.06725 -1.41631
  121 12.05 7.73333 3.36789 4.02537 -1.29186
  122 12.15 6.96667 -0.043441 1.65726 -1.37925
  123 12.25 7.66667 -0.493635 2.98373 -2.21145
  124 12.35 7.36667 4.79951 -2.93426 1.47919
  125 12.45 7.53333 4.12598 0.969302 -0.424352
  126 12.55 7.1 5.19216 -0.1995 -2.2546
  127 12.65 7.06667 1.71031 1.41002 -2.3445
  128 12.75 7.46667 3.2349 8.7584 4.54337
  129 12.85 7.13333 6.98401 1.51526 2.22866
  130 12.95 7.16667 6.20458 4.52666 2.0891
  131 13.05 8.16667 3.31706 3.60831 0.526424
  132 13.15 7.3 2.61047 4.49138 0.355473
  133 13.25 7.56667 4.99792 3.923 -2.71802
  134 13.35 7.6 0.451852 -0.42825 5.97536
  135 13.45 7.86667 0.459767 3.20524 2.578
  136 13.55 8.16667 3.92119 1.61435 -3.23474
  137 13.65 6.53333 2.97837 5.88892 3.22899
  138 13.75 7.93333 -1.63457 -3.09244 4.81518
  139 13.85 6.43333 0.158959 2.95611 0.930547
  140 13.95 7.93333 3.2501 -0.863825 3.90068
  141 14.05 7.83333 4.0118 3.0172 5.03032
  142 14.15 8.16667 1.69045 -1.22333 3.84858
  143 14.25 7.76667 -0.31533 4.12396 1.10117
  144 14.35 7.56667 3.12166 2.03142 3.96658
  145 14.45 6.73333 0.672709 -2.72896 -1.54349
  146 14.55 7.33333 1.57917 4.67818 -3.94541
  147 14.65 7.63333 6.03008 1.4165 1.44462
  148 14.75 7.56667 0.957467 3.4985 -0.326119
  149 14.85 7.23333 7.73674 2.10592 5.54476
  150 14.95 7.93333 2.08116 -2.15806 -0.152426
  151 15.05 7.46667 3.92035 0.988428 0.91297
  152 15.15 7.56667 -1.42776 4.45951 1.44456
  153 15.25 8.13333 -1.30752 -2.83932 -3.09252
  154 15.35 7.66667 2.11527 4.04752 6.55912
  155 15.45 7.5 3.73174 5.5408 0.862363
  156 15.55 7.66667 0.901192 3.97281 3.24894
  157 15.65 6.76667 -7.90479 -2.10746 -2.35059
  158 15.75 7.66667 0.561248 -1.17036 2.40877
  159 15.85 7.33333 -1.28852 3.05106 -2.6507
  160 15.95 7.83333 3.21764 5.51292 0.111149
  161 16.05 7.26667 -0.528143 -1.21757 0.697205
  162 16.15 7.4 2.18258 5.32947 2.5505
  163 16.25 8.4 1.54268 1.69486 -0.415001
  164 16.35 7.6 -0.435063 3.9527 1.78871
  165 16.45 7.3 5.43838 3.7481 2.13611
  166 16.55 7.5 3.44146 4.77755 4.10644
  167 16.65 7.8 1.4683 1.05566 2.07929
  168 16.75 6.9 2.91867 -0.569236 0.478565
  169 16.85 7.3 1.02458 -1.02231 -0.856371
  170 16.95 8.5 6.75066 5.55218 0.816122
  171 17.05 7.1 4.26688 5.21822 3.56545
  172 17.15 7.63333 4.29612 -3.80995 -0.417068
  173 17.25 7.7 1.63738 0.520111 -2.00971
  174 17.35 7.36667 2.3395 -0.250155 6.38938
  175 17.45 8.2 3.54463 6.13751 2.45064
  176 17.55 7.43333 0.525905 2.36914 3.04504
  177 17.65 7.93333 2.23385 1.44783 3.9659
  178 17.75 6.96667 -1.55881 -2.28357 0.243523
  179 17.85 7.53333 1.45335 3.08078 2.67926
  180 17.95 7.8 2.15687 -5.21823 0.134057
  181 18.05 7.3 -0.566156 -4.48939 2.5926
  182 18.15 7.56667 4.12035 3.7471 0.559882
  183 18.25 7.26667 5.50067 6.44875 3.98295
  184 18.35 7.5 0.951885 1.7425 1.64476
  185 18.45 7.6 2.0368 3.45667 6.67473
  186 18.55 7.36667 3.52215 -1.79544 2.01993
  187 18.65 8.1 2.28277 1.86144 4.1828
  188 18.75 7.83333 -0.814643 3.83481 1.99191
  189 18.85 6.86667 3.53239 8.43727 3.89133
  190 18.95 7.4 6.96384 1.8114 4.96113
  191 19.05 7.6 1.78173 1.93559 1.22033
  192 19.15 7.7 2.49175 -3.12405 2.44352
  193 19.25 8.26667 3.1613 5.64003 1.40482
  194 19.35 7.3 0.400553 -1.64578 -0.933466
  195 19.45 7.06667 5.30871 2.44795 5.06981
  196 19.55 7.53333 4.96616 2.24676 4.7813
  197 19.65 8.36667 1.01176 -4.0336 5.2851
  198 19.75 8.13333 0.552804 0.202204 1.48389
  199 19.85 7.16667 -0.456562 -1.50935 -1.65411
  200 19.95 7.06667 2.7232 2.08045 -1.87439
  201 20.05 7.9 3.87959 5.31073 3.8928
  202 20.15 7.7 1.86665 3.52673 2.86027
  203 20.25 7.7 -1.96929 0.0553208 -1.51127
  204 20.35 6.56667 -0.61832 2.69918 2.00185
  205 20.45 7.96667 6.59854 4.36794 6.67875
  206 20.55 7.96667 -1.97948 0.89357 1.43224
  207 20.65 7.23333 -0.334558 -0.0444613 3.88374
  208 20.75 6.96667 3.26103 4.08651 1.65261
  209 20.85 8.13333 -0.715046 -0.239118 0.90507
  210 20.95 6.9 2.485 3.83616 1.95349
  211 21.05 8.23333 0.337429 -0.460572 0.468863
  212 21.15 8.2 5.18213 4.75088 4.76718
  213 21.25 6.73333 -0.11374 0.094172 1.62347
  214 21.35 7.4 4.92207 6.84191 1.79086
  215 21.45 7.23333 -1.95941 1.04283 1.89508
  216 21.55 7.46667 -2.2302 2.33059 2.75
  217 21.65 7.16667 5.24271 3.4835 -0.940177
  218 21.75 7.9 1.66252 0.657155 0.105309
  219 21.85 7.53333 3.70155 -1.1935 0.87939
  220 21.95 7.96667 5.29257 5.61552 2.23435
  221 22.05 7 5.68288 3.97138 3.51113
  222 22.15 7.8 1.91812 1.13619 3.83668
  223 22.25 7.66667 -1.18873 -0.142278 -1.66117
  224 22.35 6.76667 -2.05241 1.87304 4.82882
  225 22.45 7.1 -0.683818 1.26606 -1.86395
  226 22.55 8 0.0130383 1.34029 -1.79335
  227 22.65 8.4 4.35066 1.90406 1.7849
  228 22.75 7.1 3.50938 1.67937 -1.57573
  229 22.85 7.83333 0.15346 0.29104 -2.57765
  230 22.95 7.8 0.688187 2.94605 4.89523
  231 23.05 7.63333 0.209147 1.44514 2.87973
  232 23.15 6.8 1.80251 2.75576 3.37867
  233 23.25 7.53333 7.66705 -1.16939 5.61096
  234 23.35 7.03333 5.80841 6.20912 1.47109
  235 23.45 7.56667 2.73579 3.20093 0.203787
  236 23.55 7.9 0.379395 -4.1965 -2.60248
  237 23.65 7.36667 0.185782 3.05353 6.64638
  238 23.75 7.6 5.68965 0.0356894 2.66106
  239 23.85 7.1 -0.744508 -0.225829 2.3438
  240 23.95 6.86667 2.81684 4.35644 2.039
  241 24.05 7.03333 5.0038 2.62414 -1.41574
  242 24.15 7.5 1.82652 5.15768 4.2649
  243 24.25 7.56667 1.4496 2.00331 -1.23323
  244 24.35 7.46667 2.18858 4.17955 0.0407135
  245 24.45 6.96667 6.00738 2.65558 2.59912
  246 24.55 7.13333 7.27449 0.351385 4.24552
  247 24.65 6.73333 3.94642 6.38293 6.45607
  248 24.75 6.96667 3.26502 3.26391 0.557612
  249 24.85 6.66667 4.1002 3.36989 0.195285
  250 24.95 6.9 5.55953 1.53177 -1.96283
  251 25.05 6.7 2.14435 4.08327 1.28025
  252 25.15 6.4 4.44425 3.65474 0.562554
  253 25.25 6.5 3.00846 6.28681 0.674294
  254 25.35 6.63333 1.46288 4.57026 2.74925
  255 25.45 5.93333 1.51878 1.9645 1.63315
  256 25.55 5.26667 5.18934 3.58637 4.02818
  257 25.65 6.16667 1.98479 1.957 2.1593
  258 25.75 5.36667 -1.33186 3.14442 1.71077
  259 25.85 4.86667 2.88292 -0.312898 1.36784
  260 25.95 5.36667 4.87438 2.99859 1.03107
  261 26.05 4.4 3.83515 5.06173 2.48918
  262 26.15 3.66667 3.57072 2.96179 2.3111
  263 26.25 4.06667 2.59274 1.10011 4.01265
  264 26.35 3.9 0.69165 2.2273 1.87698
  265 26.45 3.36667 1.47976 1.47973 0.272683
  266 26.55 3.2 2.26387 1.3161 2.41009
  267 26.65 2.73333 1.96434 1.5923 1.49864
  268 26.75 2.76667 2.47912 2.4878 2.03642
  269 26.85 1.66667 -0.0517972 1.4709 1.71659
  270 26.95 1.83333 0.252111 0.0868949 1.68474
  271 27.05 1.26667 0.889628 1.03666 0.47818
  272 27.15 1.13333 -0.0222491 0.67917 0.926738
  273 27.25 1.26667 0.532314 -0.032462 1.32756
  274 27.35 0.733333 0.139004 0.465532 0.673924
  275 27.45 0.933333 0.535858 0.90556 0.760878
  276 27.55 1 -0.507369 0.190574 0.292186
  277 27.65 0.366667 0.187782 0.181818 0.462989
  278 27.75 0.5 0.302349 -0.0200569 0.414809
  279 27.85 0.633333 0.138519 0.25402 0.676235
  280 27.95 0.233333 0.00956877 0.0343302 0.280492
  281 28.05 0.3 -0.122362 -0.346745 0.151264
  282 28.15 0.3 -0.106075 -0.101071 0.215735
  283 28.25 0.333333 -0.236752 -0.245135 -0.0417581
  284 28.35 0.233333 -0.158298 -0.0346823 0.0536564
  285 28.45 0.433333 -0.130308 -0.0646616 0.147464
  286 28.55 0.1 0.000508897 -0.0801284 0.0936231
  287 28.65 0.0666667 0.0142007 0.0117137 0.0143893
  288 28.75 0.0333333 -0.0215948 -0.0482676 -0.0276656
  289 28.85 0.1 -0.080479 -0.0769071 -0.163298
  290 28.95 0.166667 -0.112675 -0.0495053 0.0235684
  291 29.05 0.1 -0.00504267 -0.0528431 0.0501121
  292 29.15 0.233333 -0.0920451 -0.194265 -0.138168
  293 29.25 0.3 -0.187586 -0.134206 -0.103401
  294 29.35 0.233333 -0.0709919 -0.0435468 -0.200901
  295 29.45 0.133333 -0.0311574 -0.182582 0.0591784
  296 29.55 0.2 -0.116235 -0.232446 -0.143019
  297 29.65 0.1 -0.134688 -0.0656949 -0.0495838
  298 29.75 0.1 -0.115806 0.122875 0.0224355
  299 29.85 0.0666667 -0.037166 -0.0686123 0.0461773
  300 29.95 0.0333333 -0.00518811 -0.00981405 -0.0160693
  301 30.05 0.2 0.0229849 -0.00357824 -0.103536
  302 30.15 0.0333333 -0.0207603 -0.0034342 0.00460738
  303 30.25 0.133333 -0.0851228 -0.3825 0.0038928
  304 30.35 0.233333 -0.0258338 -0.196684 -0.126547
  305 30.45 0.133333 -0.053426 -0.0035242 -0.125318
  306 30.55 0.166667 -0.0999092 -0.023711 -0.0767411
  307 30.65 0.166667 -0.0999573 -0.102721 -0.100016
  308 30.75 0.166667 -0.267003 -0.149474 -0.0853055
  309 30.85 0.2 -0.0132231 -0.14095 -0.0944687
  310 30.95 0.233333 -0.213452 -0.267106 -0.265499
  311 31.05 0.2 -0.292213 -0.236479 -0.038931
  312 31.15 0.1 -0.237122 -0.0298327 -0.0502684
  313 31.25 0.233333 -0.241082 -0.140078 -0.156523
  314 31.35 0.1 -0.0526668 -0.00351002 -0.0110633
  315 31.45 0.133333 -0.0620337 -0.244467 0.00648669
  316 31.55 0.1 0.0325984 0.0119613 0.0193831
  317 31.65 0.166667 -0.0645887 -0.0606663 -0.15179
  318 31.75 0.0666667 -0.0445345 0.0145671 0.00148106
  319 31.85 0.166667 -0.101326 -0.0864168 -0.0803774
  320 31.95 0.2 0.00909272 -0.0358217 0.0318046
  321 32.05 0.2 -0.0708888 -0.118727 -0.0640767
  322 32.15 0.1 -0.0862213 -0.00746124 -0.038561
  323 32.25 0.1 -0.0468992 -0.0965306 -0.0143899
  324 32.35 0.166667 0.0012834 -0.232698 -0.308481
  325 32.45 0.133333 -0.0153822 -0.0113451 -0.068929
  326 32.55 0.133333 -0.0592377 -0.150617 0.0089594
  327 32.65 0.166667 0.0476403 -0.102078 0.0220236
  328 32.75 0.2 -0.0803149 -0.0614158 0.0841386
  329 32.85 0.0666667 -0.010069 0.00893865 0.00510415
  330 32.95 0.166667 -0.137278 -0.113745 -0.0763593
  331 33.05 0.233333 -0.0848548 -0.362633 -0.414027
  332 33.15 0.233333 -0.138626 -0.471924 -0.0404338
  333 33.25 0.133333 -0.0703834 -0.221885 -0.0428329
  334 33.35 0.166667 -0.112171 -0.108941 -0.0313399
  335 33.45 0.2 -0.164786 -0.0860358 -0.177316
  336 33.55 0.1 -0.0895514 -0.0911035 0.00525533
  337 33.65 0.133333 -0.116845 -0.0611492 -0.102307
  338 33.75 0.2 -0.124281 -0.306244 -0.342373
  339 33.85 0.2 -0.0412445 0.0025165 0.0329469
  340 33.95 0.166667 -0.0167174 -0.141398 -0.0818078
  341 34.05 0.0333333 -0.000944149 0.000220335 -0.0438529
  342 34.15 0.166667 -0.160835 -0.0723063 -0.0893402
  343 34.25 0.166667 -0.122816 -0.157559 -0.0402612
  344 34.35 0.166667 -0.332761 -0.167218 -0.182908
  345 34.45 0.233333 -0.00739845 -0.0234248 -0.367897
  346 34.55 0.233333 0.0775205 -0.0474484 -0.240923
  347 34.65 0.2 -0.350567 0.0101822 -0.0379906
  348 34.75 0.1 -0.00320864 0.0272135 -0.000462886
  349 34.85 0.2 -0.361986 -0.1814 -0.231381
  350 34.95 0.133333 -0.0399194 -0.445949 -0.0391984
  351 35.05 0.1 0.0368475 -0.0256848 0.0169849
  352 35.15 0.166667 -0.25475 -0.110258 -0.0985856
  353 35.25 0.2 -0.150132 -0.0759707 -0.191544
  354 35.35 0.233333 -0.0732044 0.0721535 -0.0138038
  355 35.45 0.0666667 -0.110968 -0.0191778 -0.126022
  356 35.55 0.233333 -0.248386 -0.264062 -0.186231
  357 35.65 0.1 0.000425035 0.08438 -0.0179803
  358 35.75 0.0666667 -0.0144664 -0.0755442 -0.0939049
  359 35.85 0.166667 -0.0271969 -0.0636855 -0.252391
  360 35.95 0.1 -0.00776827 -0.0393584 -0.0202691
60000 360 1267.0000000000002
  1 0.05 0.133333 -0.0985248 -0.0245348 -0.251951
  2 0.15 0.133333 -0.131494 -0.0518502 -0.114675
  3 0.25 0.133333 -0.0609894 -0.137751 -0.031291
  4 0.35 0.0666667 0.0277856 -0.000403493 -0.0127764
  5 0.45 0.0666667 -0.0138734 -0.00977654 -0.0856721
  6 0.55 0.1 -0.0980445 0.00248519 -0.00987114
  7 0.65 0.2 0.0648027 -0.360852 -0.189062
  8 0.75 0.133333 -0.149924 -0.0216402 -0.104014
  9 0.85 0.166667 -0.223009 -0.110033 -0.121798
  10 0.95 0.133333 -0.046913 -0.0191459 -0.0420051
  11 1.05 0.133333 -0.178092 -0.00852218 -0.063854
  12 1.15 0.1 -0.0472233 -0.0312593 -0.31089
  13 1.25 0.1 -0.0231686 -0.107739 -0.0333189
  14 1.35 0.133333 -0.0983352 -0.0168221 -0.0944345
  15 1.45 0.166667 -0.156112 -0.0451207 -0.190934
  16 1.55 0.0666667 -0.00511351 -0.12535 -0.0310551
  17 1.65 0.0666667 -0.116029 -0.0515994 -0.00952728
  18 1.75 0.166667 -0.088932 -0.0891233 -0.0366194
  19 1.85 0.0666667 -0.0462233 -0.0448019 -0.149319
  20 1.95 0.133333 -0.354825 0.0179043 -0.134579
  21 2.05 0.133333 -0.0395247 -0.129473 -0.100319
  22 2.15 0.0666667 -0.058908 0.00215926 -0.0325024
  23 2.25 0.1 -0.0437873 -0.0105544 -0.0607535
  24 2.35 0.233333 -0.293517 -0.133284 -0.235903
  25 2.45 0.133333 -0.136864 -0.17227 -0.0613355
  26 2.55 0.133333 0.0472482 -0.107865 -0.0311913
  27 2.65 0.233333 -0.0506827 -0.08625 -0.211487
  28 2.75 0.166667 -0.116412 -0.0198184 -0.0832679
  29 2.85 0.133333 -0.172209 -0.0328385 -0.0515667
  30 2.95 0.233333 -0.049983 -0.187053 -0.56304
  31 3.05 0.133333 -0.0098626 -0.0777844 -0.124897
  32 3.15 0.1 -0.00381148 -0.0230823 -0.0240886
  33 3.25 0.166667 -0.0189331 -0.0684749 -0.00988849
  34 3.35 0.133333 -0.027393 -0.145793 -0.0711149
  35 3.45 0.0333333 -0.00846634 0.00118057 -0.070333
  36 3.55 0.133333 -0.00524465 -0.0742046 -0.142944
  37 3.65 0.3 -0.480198 -0.0629571 -0.178796
  38 3.75 0.2 -0.0467483 -0.0344166 0.0243112
  39 3.85 0.1 -0.0179247 -0.156363 -0.0739746
  40 3.95 0.133333 -0.0426543 -0.160468 -0.0450823
  41 4.05 0.166667 -0.0471373 -0.0717545 -0.209631
  42 4.15 0.0666667 -0.0346906 -0.045402 -0.0213952
  43 4.25 0.233333 -0.113402 -0.21198 -0.333137
  44 4.35 0.166667 -0.0954998 -0.139143 -0.0275395
  45 4.45 0.1 -0.0883863 -0.0317901 -0.0205234
  46 4.55 0.266667 -0.101567 -0.115634 -0.318669
  47 4.65 0.233333 -0.0963667 -0.099468 -0.112843
  48 4.75 0.133333 -0.127829 -0.0944649 0.0169759
  49 4.85 0.166667 -0.155448 -0.393471 -0.0188527
  50 4.95 0.1 -0.0285876 -0.0306591 -0.0397428
  51 5.05 0.0666667 -0.00523345 -0.0187904 -0.00562333
  52 5.15 0.366667 -0.259894 -0.157735 -0.255828
  53 5.25 0.2 -0.0390332 -0.00809247 -0.0103998
  54 5.35 0.1 -0.000258944 0.0584478 -0.0603995
  55 5.45 0.0333333 -0.0122476 0.038431 -0.0036512
  56 5.55 0.166667 -0.183444 -0.187978 -0.0676875
  57 5.65 0.1 -0.039747 -0.0131438 0.0233181
  58 5.75 0.0333333 0.00794296 -0.0900044 0.0159335
  59 5.85 0.2 -0.052806 -0.0817396 0.00644419
  60 5.95 0.2 0.00207479 -0.0515957 0.0314972
  61 6.05 0.2 -0.269369 -0.109488 -0.0190097
  62 6.15 0.133333 0.0268227 0.012031 0.0504686
  63 6.25 0.133333 0.0130036 -0.0325474 -0.015229
  64 6.35 0.166667 0.0998339 0.019695 0.0576034
  65 6.45 0.133333 0.00350359 -0.0770992 -0.0136615
  66 6.55 0.333333 -0.10921 -0.0421797 -0.0456769
  67 6.65 0.3 -0.0562188 -0.121208 -0.202329
  68 6.75 0.266667 -0.128468 -0.0377015 -0.0882176
  69 6.85 0.133333 -0.0818597 -0.0123649 0.0494204
  70 6.95 0.166667 -0.0550932 -0.0974674 -0.0421325
  71 7.05 0.2 -0.0685918 0.00895861 0.0374121
  72 7.15 0.3 0.16888 -0.00860592 0.0417716
  73 7.25 0.0333333 0.00430244 0.0149506 0.0130461
  74 7.35 0.3 -0.236978 0.0711816 -0.0567314
  75 7.45 0.3 -0.210985 -0.10833 -0.0568687
  76 7.55 0.4 -0.520363 -0.345329 -0.10806
  77 7.65 0.233333 -0.308032 -0.000449065 0.255444
  78 7.75 0.533333 -1.29483 -0.0671372 -0.0445645
  79 7.85 0.3 -0.0736806 -0.337098 -0.031944
  80 7.95 0.233333 -0.329264 -0.0970994 -0.120997
  81 8.05 0.566667 0.156684 0.295907 0.605433
  82 8.15 0.666667 -0.894366 -0.191298 0.550782
  83 8.25 0.566667 -0.78079 -0.0731197 -0.0678306
  84 8.35 0.733333 -0.660969 -0.298348 0.351073
  85 8.45 1.13333 0.706693 0.470292 0.650339
  86 8.55 0.666667 0.562813 0.147411 0.367368
  87 8.65 0.933333 -0.0871733 0.23567 0.0283928
  88 8.75 1.76667 0.859859 0.874851 1.37453
  89 8.85 1.63333 0.545316 -0.296308 0.28583
  90 8.95 1.76667 0.350825 -0.90358 1.09598
  91 9.05 1.66667 0.555179 0.681088 1.65999
  92 9.15 2.3 3.06376 1.85345 2.7537
  93 9.25 2.63333 1.47138 0.562694 2.37977
  94 9.35 2.36667 0.383215 0.137746 2.44496
  95 9.45 3.36667 0.358973 1.82138 3.96611
  96 9.55 3.46667 0.614362 -0.021136 -0.254903
  97 9.65 3.7 1.91401 2.39573 0.59766
  98 9.75 3.5 0.615908 1.87716 -0.581286
  99 9.85 4.26667 0.667586 3.59373 2.3336
  100 9.95 5 2.28883 2.40298 -0.604675
  101 10.05 4.93333 1.77307 3.84199 0.330649
  102 10.15 4.93333 3.06704 4.4445 3.69919
  103 10.25 6.03333 2.62788 4.44053 -0.216143
  104 10.35 5.76667 1.70371 2.392 1.18237
  105 10.45 6.13333 1.05825 1.85406 0.669686
  106 10.55 6.23333 -0.0601892 6.74778 -1.38119
  107 10.65 6.13333 7.38541 2.05829 0.347393
  108 10.75 6.96667 1.14286 2.96157 -0.357307
  109 10.85 6.4 1.46404 5.35812 -1.84632
  110 10.95 6.76667 4.67949 2.34883 -0.79536
  111 11.05 7.03333 3.44044 3.08929 3.18346
  112 11.15 6.66667 0.0343177 2.941 -0.386638
  113 11.25 7 4.90154 2.58075 1.05661
  114 11.35 7.46667 3.45408 0.991484 -3.65524
  115 11.45 7.03333 3.76173 -0.94985 -1.5515
  116 11.55 7.73333 2.33453 2.02904 2.50294
  117 11.65 7.03333 4.97253 1.7409 0.86049
  118 11.75 7.23333 5.75495 8.13485 2.33734
  119 11.85 7.1 1.57441 2.2428 2.78182
  120 11.95 7.2 4.44463 2.02917 0.832376
  121 12.05 7.36667 1.70941 5.56227 1.91091
  122 12.15 7 1.60294 7.44185 3.59656
  123 12.25 7.43333 2.32104 1.66329 -4.06301
  124 12.35 8 9.9107 12.5855 6.46682
  125 12.45 7.2 5.81484 6.41132 6.40236
  126 12.55 6.83333 5.17571 5.24536 2.4075
  127 12.65 7.93333 -0.100526 6.68237 2.35351
  128 12.75 7.3 9.61493 6.0718 4.81953
  129 12.85 7.33333 1.31393 6.80645 2.3038
  130 12.95 7.06667 -1.39121 1.7456 1.9295
  131 13.05 7 4.67268 4.7703 -0.454
  132 13.15 8.06667 1.65336 0.637643 -1.59213
  133 13.25 7.76667 3.50759 2.15703 1.23023
  134 13.35 8.1 3.56103 3.90018 5.38705
  135 13.45 7.66667 7.20041 8.83949 7.64326
  136 13.55 7.5 3.46865 5.56712 5.405
  137 13.65 7.1 7.00944 4.38621 -1.86378
  138 13.75 7.16667 1.89079 6.27317 3.77517
  139 13.85 7.8 5.49248 4.72478 4.5898
  140 13.95 6.9 -2.18149 1.33312 -2.71871
  141 14.05 8.33333 3.58605 -0.437792 0.512862
  142 14.15 7.63333 1.01693 5.35956 -0.0730429
  143 14.25 6.86667 0.0389068 2.10179 0.654607
  144 14.35 7.36667 -3.64327 2.37351 1.99643
  145 14.45 8.16667 -0.770008 0.988041 5.64401
  146 14.55 7.5 1.0938 1.20651 3.04127
  147 14.65 7.83333 4.47752 4.07012 1.19269
  148 14.75 7.53333 5.31312 5.42914 6.12849
  149 14.85 7.5 -0.286667 2.06727 3.49764
  150 14.95 8.53333 1.46267 2.69144 0.582483
  151 15.05 7.16667 5.56378 0.421016 1.98057
  152 15.15 7.06667 2.00984 -2.51183 0.229436
  153 15.25 7.03333 1.91176 2.21466 3.37522
  154 15.35 7.03333 -0.471127 3.0769 3.94639
  155 15.45 7.8 2.55454 3.16609 -2.67418
  156 15.55 8.56667 4.01212 5.47194 0.351846
  157 15.65 7.33333 1.40527 5.37253 4.20364
  158 15.75 8.1 1.22721 -0.691644 -0.564744
  159 15.85 7.73333 5.21543 -0.177334 -0.257274
  160 15.95 7.63333 2.57418 6.28559 2.79629
  161 16.05 7.36667 6.24639 -0.922471 4.63347
  162 16.15 7.63333 -1.42288 3.24485 -0.474813
  163 16.25 7.33333 5.078 3.81113 7.29345
  164 16.35 6.9 -0.93207 -1.15774 -2.06588
  165 16.45 7.86667 6.64808 1.22562 -3.21498
  166 16.55 8.33333 2.23294 0.335404 -0.31116
  167 16.65 8.16667 6.40254 2.69193 4.6642
  168 16.75 7.86667 0.338787 3.42003 -2.15133
  169 16.85 6.8 -0.125033 3.0528 -0.113622
  170 16.95 7.1 3.21951 7.00416 3.7139
  171 17.05 6.4 3.99112 -1.49984 2.68296
  172 17.15 8.3 -0.0696044 2.80867 0.144548
  173 17.25 8.96667 -2.44548 -0.127614 -4.18089
  174 17.35 7.76667 1.15154 2.7067 0.933884
  175 17.45 8.26667 -1.38834 4.79417 4.51133
  176 17.55 6.9 5.1488 6.85065 -0.0458794
  177 17.65 7.6 6.03295 2.6898 3.86677
  178 17.75 7.23333 3.14606 0.0656188 2.95709
  179 17.85 7 2.40906 5.21798 -0.23019
  180 17.95 7.26667 6.78334 2.88147 2.54476
  181 18.05 7.43333 2.22403 3.27038 -5.62269
  182 18.15 8.26667 2.41536 0.168204 -4.68199
  183 18.25 7.7 3.10547 5.86627 0.987238
  184 18.35 8.03333 -0.436329 0.96403 -2.5084
  185 18.45 7.73333 4.60143 0.567232 3.17365
  186 18.55 7.73333 0.484451 -2.58535 -2.07475
  187 18.65 7.53333 3.00897 -0.845202 4.21535
  188 18.75 7.03333 -3.66941 1.05385 1.18754
  189 18.85 7.53333 6.07418 1.88014 1.92693
  190 18.95 7.73333 2.77886 0.831995 0.16753
  191 19.05 8.53333 -2.63497 -0.451632 0.253256
  192 19.15 7.73333 -0.14398 1.06363 -3.91318
  193 19.25 6.63333 1.09579 3.4066 3.64279
  194 19.35 7.6 4.28373 3.00526 3.14637
  195 19.45 7.46667 -1.17185 3.02526 -0.880453
  196 19.55 8.06667 -5.6025 -0.0957088 1.69699
  197 19.65 8.3 0.405568 1.24206 2.56152
  198 19.75 6.7 2.68905 5.23437 0.0656135
  199 19.85 7.6 -1.02392 -3.46113 1.2221
  200 19.95 8.4 3.31226 5.09272 -5.04035
  201 20.05 7.03333 0.355988 3.38427 6.18367
  202 20.15 7.3 7.54475 3.85185 3.83904
  203 20.25 7.8 1.50356 1.90306 4.85246
  204 20.35 7.43333 -0.067459 1.7131 2.73865
  205 20.45 7.73333 1.53306 0.838987 -1.4956
  206 20.55 7.46667 -1.63145 1.81965 -1.94813
  207 20.65 7.73333 1.204 1.15979 0.490178
  208 20.75 8.03333 -0.354738 1.30545 0.267309
  209 20.85 7.26667 2.37771 5.52657 2.39154
  210 20.95 7.3 2.96495 5.55252 2.42247
  211 21.05 7.43333 -2.78063 0.744193 -0.0703323
  212 21.15 7.8 0.663708 1.99968 -0.803424
  213 21.25 7.4 3.33138 0.655835 0.994242
  214 21.35 8.13333 7.80851 9.09093 1.66639
  215 21.45 6.93333 1.49642 0.590693 3.56555
  216 21.55 7.03333 -1.02173 -1.21923 -0.63227
  217 21.65 8.13333 8.79015 5.85719 3.31648
  218 21.75 7.7 1.81368 -1.18324 2.31433
  219 21.85 8 2.19234 3.41697 1.58714
  220 21.95 7.1 4.49757 -0.321962 -0.189846
  221 22.05 7.03333 2.43556 -2.33014 0.532894
  222 22.15 7.3 3.48901 1.11865 -2.62877
  223 22.25 7.2 3.3804 5.71173 5.33934
  224 22.35 7.43333 2.63248 2.42533 5.38468
  225 22.45 7.46667 -2.32297 2.71802 3.11089
  226 22.55 7.3 7.06139 6.77739 3.75138
  227 22.65 8.76667 1.95888 1.84503 -1.14686
  228 22.75 6.6 -0.645212 6.59977 0.130151
  229 22.85 6.9 2.90863 0.552916 5.31508
  230 22.95 8.3 -3.0126 2.2012 2.91191
  231 23.05 7.46667 -1.62298 0.140184 -3.30674
  232 23.15 7.2 1.63651 2.22819 -1.41466
  233 23.25 7 4.0136 4.77705 4.05978
  234 23.35 7.76667 1.54576 -1.447 -2.14623
  235 23.45 7.76667 1.30558 1.1676 3.87327
  236 23.55 7.26667 0.621966 1.78008 -1.74617
  237 23.65 7.4 3.083 5.38792 4.7508
  238 23.75 7.26667 6.16787 1.17885 4.26047
  239 23.85 8.16667 0.708725 -2.55433 -3.55732
  240 23.95 6.96667 -3.72628 -1.5224 -1.77917
  241 24.05 7.23333 0.0533842 6.39566 -4.42533
  242 24.15 7.06667 -0.991533 2.14306 -2.3612
  243 24.25 6.96667 3.58287 4.77017 1.45362
  244 24.35 7.23333 5.95276 3.42412 -1.41338
  245 24.45 6.83333 2.49426 -0.699458 -2.42012
  246 24.55 7.2 -0.159446 4.11669 2.40584
  247 24.65 6.5 3.08501 2.8607 0.444353
  248 24.75 8.13333 6.87788 6.40491 -1.93463
  249 24.85 7.3 4.54437 3.28537 1.25721
  250 24.95 6.43333 1.13442 3.2632 1.87599
  251 25.05 6.36667 5.96218 8.67043 3.02829
  252 25.15 6.13333 3.85433 1.57889 -3.35404
  253 25.25 5.76667 5.28552 0.495936 2.25417
  254 25.35 6.06667 2.99622 5.10189 1.66993
  255 25.45 5.53333 -2.28612 0.842528 0.727563
  256 25.55 5.06667 -1.1595 3.90127 2.80212
  257 25.65 5.83333 3.15015 3.72763 2.89919
  258 25.75 6.1 3.82873 3.52893 -1.64084
  259 25.85 5 2.26572 5.31319 5.13219
  260 25.95 4.63333 4.27192 3.73962 3.4915
  261 26.05 4.13333 4.46521 4.77638 1.58996
  262 26.15 4 3.75508 2.91247 2.44268
  263 26.25 3.36667 1.23229 0.897134 2.0859
  264 26.35 2.86667 2.77533 1.9428 2.31889
  265 26.45 2.66667 2.26411 1.73913 2.04249
  266 26.55 2.4 0.690619 1.56092 2.34038
  267 26.65 2.76667 1.34706 2.15342 1.54817
  268 26.75 1.8 1.32033 0.588715 0.918047
  269 26.85 1.76667 0.605511 0.943944 2.19529
  270 26.95 1.93333 -0.722662 0.969005 0.421096
  271 27.05 1.06667 0.263617 0.450516 0.890531
  272 27.15 1.63333 1.03226 0.155692 0.628454
  273 27.25 0.833333 -0.454732 -0.026382 0.284314
  274 27.35 0.8 -0.293833 0.348544 0.0304389
  275 27.45 0.833333 -0.476136 -0.0205976 0.320032
  276 27.55 0.466667 0.200694 0.162479 0.465104
  277 27.65 0.6 0.265075 0.551245 0.200363
  278 27.75 0.466667 -0.20473 -0.909981 -0.265073
  279 27.85 0.366667 0.0516414 -0.00419502 0.45818
  280 27.95 0.266667 -0.0984909 -0.377909 0.0380806
  281 28.05 0.466667 -0.349165 -0.386529 0.224739
  282 28.15 0.3 -0.129884 -0.0193143 0.136984
  283 28.25 0.166667 -0.0498612 -0.0387009 -0.157807
  284 28.35 0.2 0.0117671 -0.344529 -0.227318
  285 28.45 0.333333 0.0796731 -0.0490799 0.142704
  286 28.55 0.233333 -0.0454935 -0.16688 0.0944408
  287 28.65 0.366667 -0.105585 -0.249179 0.0879992
  288 28.75 0.233333 -0.459186 -0.268132 -0.400485
  289 28.85 0.1 0.0135176 -0.0648404 -0.00326791
  290 28.95 0.133333 -0.276814 -0.162865 -0.109505
  291 29.05 0.166667 -0.33376 0.0142112 -0.038669
  292 29.15 0.2 -0.123733 -0.0681281 -0.0363776
  293 29.25 0.166667 -0.091291 -0.0903901 0.0243806
  294 29.35 0.133333 -0.155783 0.0239536 -0.110976
  295 29.45 0.1 -0.103598 -0.113435 0.0101098
  296 29.55 0.166667 -0.208941 -0.00328485 -0.298379
  297 29.65 0.333333 -0.148385 -0.0829411 -0.451813
  298 29.75 0.2 -0.153301 -0.0845181 -0.239352
  299 29.85 0.0666667 -0.006762 -0.10459 -0.027675
  300 29.95 0.166667 -0.218242 -0.0985371 -0.190838
  301 30.05 0.0333333 -0.00230402 -0.0796044 -0.0481452
  302 30.15 0.1 -0.0177815 -0.0163019 -0.0610945
  303 30.25 0.0333333 -0.00646402 -0.0178532 -0.199113
  304 30.35 0.1 -0.0046901 0.00647044 -0.0565696
  305 30.45 0.133333 -0.0348638 -0.194783 -0.316949
  306 30.55 0.0666667 -0.0847364 -0.0944763 -0.0048065
  307 30.65 0.2 -0.0664815 0.0168536 -0.0853727
  308 30.75 0.0666667 -0.000908123 -0.018711 -0.00107074
  309 30.85 0.133333 -0.356938 -0.0360378 -0.175723
  310 30.95 0.133333 -0.0730836 -0.0356224 -0.0734933
  311 31.05 0.166667 -0.295699 0.0071163 -0.216495
  312 31.15 0.0333333 -0.0593883 0.0033434 0.0170859
  313 31.25 0.0666667 -0.00716524 0.0178884 -0.127806
  314 31.35 0.133333 -0.0306948 -0.0363687 -0.0490002
  315 31.45 0.1 -0.325155 -0.0686013 -0.13945
  316 31.55 0.0666667 -0.0548623 -0.00090504 -0.119019
  317 31.65 0 0 0 0
  318 31.75 0.233333 -0.0258908 0.029852 -0.009716
  319 31.85 0.166667 -0.263266 -0.0284544 -0.192893
  320 31.95 0.133333 -0.0454254 -0.086369 -0.0520249
  321 32.05 0.266667 -0.243271 -0.108269 -0.246577
  322 32.15 0.2 -0.128348 -0.195306 -0.326864
  323 32.25 0.166667 -0.121384 -0.148079 -0.0848655
  324 32.35 0.0333333 -0.011114 -0.00390688 0.000255655
  325 32.45 0.2 -0.0635141 -0.00352505 -0.165106
  326 32.55 0.166667 0.00499551 -0.114295 -0.184352
  327 32.65 0.2 -0.129428 -0.189942 -0.143608
  328 32.75 0.133333 -0.193012 -0.0609739 -0.2103
  329 32.85 0.0333333 -0.00643185 -0.00288418 -0.00118477
  330 32.95 0.133333 -0.12763 -0.0143906 -0.079164
  331 33.05 0.133333 -0.135338 -0.133426 -0.126566
  332 33.15 0.1 -0.0354597 -0.0606574 -0.302755
  333 33.25 0.0666667 0.0111468 -0.138583 0.0086266
  334 33.35 0.166667 -0.209048 -0.249011 -0.226373
  335 33.45 0.233333 -0.156997 -0.189688 -0.156267
  336 33.55 0.1 -0.155239 -0.234446 -0.293892
  337 33.65 0.1 -0.0907382 -0.141346 -0.04343
  338 33.75 0.0666667 -0.00247989 -0.0188572 -0.0622175
  339 33.85 0.133333 -0.0353448 -0.648344 -0.202342
  340 33.95 0.166667 -0.0994566 -0.326022 -0.160514
  341 34.05 0.166667 -0.394092 0.030872 -0.223781
  342 34.15 0.133333 -0.0828796 -0.223611 -0.4137
  343 34.25 0.0666667 -0.0353259 -0.604069 -0.19361
  344 34.35 0.1 -0.0525018 -0.0141727 0.0175601
  345 34.45 0.0666667 -0.0257323 -0.0846156 0.0141716
  346 34.55 0.133333 -0.00640044 -0.0496591 -0.169488
  347 34.65 0.0666667 -0.0520914 -0.0141184 -0.0704004
  348 34.75 0.1 -0.02761 -0.0309804 -0.0961424
  349 34.85 0.1 -0.030424 0.0153894 -0.146244
  350 34.95 0.1 -0.0129523 -0.0120697 -0.0725154
  351 35.05 0.1 -0.0790369 -0.0327915 -0.0322568
  352 35.15 0.0333333 -0.0286692 -0.0764171 -0.0470754
  353 35.25 0.166667 -0.020171 -0.080439 -0.148509
  354 35.35 0 0 0 0
  355 35.45 0.166667 -0.0569571 -0.16057 -0.270961
  356 35.55 0.133333 -0.0365336 -0.153932 -0.202614
  357 35.65 0.166667 -0.235318 -0.0822904 -0.0926777
  358 35.75 0.0666667 -0.0558041 -0.0562063 -0.0610964
  359 35.85 0.2 -0.0236602 -0.259802 -0.209066
  360 35.95 0.133333 -0.00100341 -0.103049 -0.0402507
90000 360 1267.0000000000007
  1 0.05 0.133333 -0.109263 -0.261002 -0.0490471
  2 0.15 0.166667 -0.0875429 -0.149233 -0.182605
  3 0.25 0.0666667 -0.0302421 -0.0303987 0.0147648
  4 0.35 0.166667 -0.107907 -0.00808732 -0.216127
  5 0.45 0.1 -0.347752 -0.0131769 -0.107271
  6 0.55 0.233333 -0.31306 -0.140261 -0.150905
  7 0.65 0.0333333 -0.00820447 -0.0160506 -0.0435696
  8 0.75 0.3 -0.363947 -0.313045 -0.146098
  9 0.85 0.0333333 -0.207458 -0.0293836 0.00119023
  10 0.95 0.233333 -0.139927 -0.188747 -0.143233
  11 1.05 0.1 -0.0855615 -0.00751601 -0.0127542
  12 1.15 0.0666667 -0.0593816 -0.125063 -0.0093038
  13 1.25 0.133333 0.021498 -0.0272455 -0.193234
  14 1.35 0.1 -0.0899594 -0.062581 -0.00374548
  15 1.45 0.1 -0.0751286 -0.0127305 -0.236199
  16 1.55 0.266667 -0.14448 -0.128732 -0.0508443
  17 1.65 0.2 -0.0799569 -0.108526 -0.13447
  18 1.75 0.166667 -0.0412639 -0.0164624 -0.130829
  19 1.85 0.166667 0.046602 -0.065047 -0.129092
  20 1.95 0.133333 -0.0903627 -0.0701454 -0.0444819
  21 2.05 0.2 -0.141813 -0.0758535 -0.191
  22 2.15 0.1 -0.041557 -0.0930054 -0.0179172
  23 2.25 0.2 0.0191348 -0.155031 -0.169392
  24 2.35 0.0333333 -0.0609523 -0.014858 -0.0430812
  25 2.45 0.2 -0.206946 -0.0888759 -0.0388182
  26 2.55 0.266667 0.1107 -0.0774692 -0.0778201
  27 2.65 0.233333 -0.111635 -0.452891 -0.0396336
  28 2.75 0.166667 -0.00556507 -0.30454 -0.120467
  29 2.85 0.0666667 -0.0222217 -0.0178253 0.00254345
  30 2.95 0.1 -0.0614232 -0.0301032 -0.0677405
  31 3.05 0.133333 -0.229699 -0.154929 -0.00134806
  32 3.15 0.166667 -0.0590121 -0.129198 -0.0979361
  33 3.25 0.233333 -0.158367 -0.167527 -0.0120706
  34 3.35 0.266667 -0.100092 -0.175871 -0.0223283
  35 3.45 0.1 0.0912061 -0.0549615 -0.120141
  36 3.55 0.2 -0.278383 -0.0684327 -0.0222003
  37 3.65 0.0666667 -0.00940603 -0.0324974 -0.155543
  38 3.75 0.233333 -0.14902 -0.0488618 -0.0854904
  39 3.85 0.2 -0.119845 -0.0245683 -0.0591128
  40 3.95 0.133333 -0.0729681 -0.0897603 -0.0441545
  41 4.05 0.3 -0.264147 -0.4018 -0.331952
  42 4.15 0.0666667 -0.0109045 -0.101491 -0.0332194
  43 4.25 0.233333 -0.425535 -0.196481 -0.0602324
  44 4.35 0.1 -0.120062 -0.0402728 -0.0266576
  45 4.45 0.233333 -0.0952747 -0.179352 -6.26896e-05
  46 4.55 0.2 -0.19637 -0.0467093 0.0379971
  47 4.65 0.233333 -0.00962652 -0.202379 -0.17331
  48 4.75 0.3 -0.121932 -0.179554 -0.217832
  49 4.85 0.133333 -0.322217 -0.31366 -0.695969
  50 4.95 0.1 -0.0720175 0.0558393 -0.0163915
  51 5.05 0.166667 0.00301202 -0.108955 0.0502301
  52 5.15 0.133333 -0.0611206 -0.00392172 -0.167872
  53 5.25 0.1 -0.106112 -0.120244 -0.0333153
  54 5.35 0.266667 -0.00831723 -0.132738 -0.0998619
  55 5.45 0.2 -0.174698 -0.355667 -0.0944513
  56 5.55 0.133333 -0.0338152 -0.0890566 -0.0383641
  57 5.65 0.166667 -0.243048 -0.119745 -0.57655
  58 5.75 0.266667 -0.498128 -0.357638 -0.293801
  59 5.85 0.166667 -0.0656305 0.00400717 -0.160907
  60 5.95 0.166667 0.0367217 -0.136328 -0.0739818
  61 6.05 0.0666667 0.00551663 -0.00180251 -0.0896446
  62 6.15 0.266667 -0.382797 -0.532184 0.105122
  63 6.25 0.0666667 -0.00274596 0.0471301 -0.00536851
  64 6.35 0.133333 -0.447435 -0.102876 -0.249078
  65 6.45 0.166667 -0.00808013 -0.0418356 -0.185156
  66 6.55 0.2 0.0243811 0.0373218 -0.00999062
  67 6.65 0.266667 -0.0935665 -0.174339 -0.111189
  68 6.75 0.166667 0.0554273 0.0308351 -0.0836291
  69 6.85 0.0333333 -0.0480672 -0.00892564 0.00744632
  70 6.95 0.2 0.0752421 -0.0434527 -0.0414304
  71 7.05 0.133333 -0.0878729 -0.0660246 -0.275601
  72 7.15 0.366667 0.0101371 -0.721558 -0.119632
  73 7.25 0.3 -0.509492 -0.178717 -0.180591
  74 7.35 0.133333 -0.128723 -0.181446 -0.185978
  75 7.45 0.2 0.0343666 0.0731536 -0.0640943
  76 7.55 0.333333 -0.316037 0.171642 0.21283
  77 7.65 0.166667 -0.327499 -0.271565 -0.28051
  78 7.75 0.433333 -0.0605326 -0.081784 0.253883
  79 7.85 0.266667 -0.450234 0.0290388 -0.408407
  80 7.95 0.233333 -0.0959202 -0.0365065 0.231215
  81 8.05 0.3 -0.150157 0.068434 0.371279
  82 8.15 0.266667 0.149118 0.0201063 0.218499
  83 8.25 0.2 -0.225515 0.208149 -0.0147384
  84 8.35 0.633333 0.0588242 -0.279657 0.104389
  85 8.45 0.466667 0.252832 -0.400865 0.097386
  86 8.55 1.13333 0.682862 0.479606 1.14778
  87 8.65 1.1 0.798579 0.451407 0.83491
  88 8.75 1.43333 -0.304358 -0.00621351 1.34697
  89 8.85 1.2 0.203006 0.674902 1.17247
  90 8.95 2.1 0.208352 0.30242 0.985556
  91 9.05 1.7 1.44114 1.55608 1.3898
  92 9.15 2.16667 0.720435 2.27672 1.11823
  93 9.25 2.63333 1.07025 1.19682 1.55882
  94 9.35 3.16667 1.56999 3.343 2.29195
  95 9.45 2.73333 1.32606 2.79289 2.48869
  96 9.55 3.7 2.66721 0.960743 -0.751571
  97 9.65 3.96667 5.63589 3.83363 1.11422
  98 9.75 4.06667 3.36195 2.38762 1.18892
  99 9.85 4.6 5.41699 6.57316 1.93704
  100 9.95 5.03333 1.71685 2.88168 0.17341
  101 10.05 5.76667 3.59809 1.88825 0.115123
  102 10.15 6 1.3903 3.13698 1.58442
  103 10.25 5.7 1.43085 4.00632 -2.12674
  104 10.35 5.56667 0.704528 3.28674 0.701984
  105 10.45 6.4 2.38029 3.46396 1.57056
  106 10.55 7.26667 2.12977 9.26386 -1.91913
  107 10.65 6.06667 -1.50649 4.14914 -0.888353
  108 10.75 6.83333 1.58811 1.54005 -0.741583
  109 10.85 6.56667 1.49429 -0.290143 0.126078
  110 10.95 6.76667 4.28212 6.01218 4.01482
  111 11.05 7.8 5.94542 -1.32375 -0.460339
  112 11.15 7.06667 4.31478 1.11442 -2.70608
  113 11.25 7.2 5.29045 5.13764 1.38908
  114 11.35 7.13333 0.70648 1.55921 1.88844
  115 11.45 6.96667 0.386957 0.736089 -4.4114
  116 11.55 7.5 3.23156 2.42748 1.05821
  117 11.65 6.93333 3.01911 3.54711 -1.99958
  118 11.75 7.2 6.0052 5.29835 0.717902
  119 11.85 7.8 4.87169 0.371746 0.1545
  120 11.95 7 1.62042 0.438255 0.553446
  121 12.05 8.03333 7.73857 3.347 -0.410989
  122 12.15 7.6 4.37591 7.11509 -0.771282
  123 12.25 7.83333 6.6782 3.40314 3.31955
  124 12.35 7.26667 0.424202 -0.796061 -0.188525
  125 12.45 7.63333 -0.535107 1.24408 2.47618
  126 12.55 7.23333 2.1437 2.98172 -0.728519
  127 12.65 7.83333 -0.291728 -3.17334 2.66429
  128 12.75 7.5 6.21003 3.82178 3.61849
  129 12.85 7.43333 1.9517 3.20149 2.68373
  130 12.95 8 1.73003 -0.121667 -5.36525
  131 13.05 7.36667 2.74152 3.22907 2.34972
  132 13.15 7.73333 2.74056 2.6737 -4.98306
  133 13.25 8.33333 3.81446 1.45505 -1.10544
  134 13.35 7.66667 -1.23952 3.92907 4.0041
  135 13.45 7.43333 7.87367 7.11445 0.0767607
  136 13.55 6.86667 4.15953 4.24016 7.74812
  137 13.65 7.23333 -3.76347 3.81559 -1.81619
  138 13.75 7.03333 3.53849 4.15097 0.545384
  139 13.85 8.3 0.419871 2.77015 4.93144
  140 13.95 7.33333 -1.24632 1.04396 -2.24755
  141 14.05 7.13333 3.12703 9.42071 6.28005
  142 14.15 8.93333 0.888415 2.87042 0.873165
  143 14.25 7.6 3.22229 1.46471 1.44795
  144 14.35 6.86667 2.09023 5.31344 3.79435
  145 14.45 7.43333 3.40187 7.3743 2.35131
  146 14.55 7.4 3.72749 5.38152 5.19113
  147 14.65 7.43333 1.15022 6.61004 4.23877
  148 14.75 7.3 3.3575 4.4881 -1.29455
  149 14.85 8.26667 -0.161811 8.87691 -1.11007
  150 14.95 7.4 2.15167 2.54351 0.010902
  151 15.05 7.73333 1.14702 2.6184 -1.86253
  152 15.15 7.33333 0.335282 3.37807 1.20607
  153 15.25 8.46667 4.00889 6.01934 2.78243
  154 15.35 7.3 -3.24981 -0.558527 3.72979
  155 15.45 7.36667 10.1786 1.75532 2.12338
  156 15.55 7.33333 5.51821 2.20087 4.65494
  157 15.65 7.26667 -1.24535 0.0829712 -1.73275
  158 15.75 7.9 4.53879 7.20577 0.477052
  159 15.85 7.5 -3.2303 1.72041 -2.50817
  160 15.95 7.93333 2.55604 4.12957 -1.42294
  161 16.05 7.9 8.78148 -0.744919 2.69072
  162 16.15 7.86667 5.27599 -1.69702 2.71879
  163 16.25 7.03333 1.20117 1.49573 2.25218
  164 16.35 6.43333 1.7765 -0.958454 -4.69955
  165 16.45 7.03333 -0.113053 4.48786 0.438567
  166 16.55 8.23333 2.93226 4.48706 5.35876
  167 16.65 7.56667 4.37326 -2.67271 3.74103
  168 16.75 8.03333 1.44645 -0.791462 3.46692
  169 16.85 6.9 1.09409 -0.679365 2.14225
  170 16.95 8.56667 3.28663 -1.71069 -3.79445
  171 17.05 8.2 3.88785 -4.13231 -4.20162
  172 17.15 6.8 2.6765 7.01751 12.0295
  173 17.25 7.23333 3.46203 2.94035 0.630114
  174 17.35 6.8 3.81009 6.00151 4.06825
  175 17.45 7.23333 2.13184 0.752743 3.05928
  176 17.55 6.96667 0.582659 2.19596 0.845329
  177 17.65 7.56667 2.44034 4.34732 1.92306
  178 17.75 8.4 5.81692 1.85891 5.53848
  179 17.85 7.4 0.0489413 -0.893699 -0.035307
  180 17.95 8.13333 0.151134 3.68463 0.333544
  181 18.05 7.73333 1.64745 2.61264 2.73947
  182 18.15 6.93333 -3.40994 -2.69898 -0.795559
  183 18.25 7.16667 2.25248 -3.40389 2.46468
  184 18.35 7.23333 5.86894 1.25538 5.02135
  185 18.45 8.06667 -6.28867 -1.01731 -2.43658
  186 18.55 7.2 -1.13197 2.54757 0.464581
  187 18.65 8.23333 3.95194 3.96113 0.890661
  188 18.75 6.96667 -2.93018 1.2817 1.14818
  189 18.85 7.3 -1.02705 3.52913 2.9307
  190 18.95 7.76667 3.41887 -1.06453 -1.03182
  191 19.05 8.33333 -3.99275 -1.23873 -0.896446
  192 19.15 7.56667 0.995346 -4.56605 -5.19123
  193 19.25 7.03333 -3.55531 1.52801 2.43981
  194 19.35 7.3 3.49048 1.7498 -3.88529
  195 19.45 8.06667 -1.22947 3.35997 4.11369
  196 19.55 7.36667 -1.33399 -0.321675 5.0197
  197 19.65 7.6 -0.849324 4.99471 -1.91417
  198 19.75 7.36667 2.15443 0.0350267 0.582917
  199 19.85 7.13333 -2.53851 0.404814 1.00049
  200 19.95 7.63333 4.33851 1.93691 2.68216
  201 20.05 7.93333 4.73221 2.7234 0.903421
  202 20.15 8.63333 -2.40858 -2.1598 -2.62319
  203 20.25 7 -4.41846 -0.828096 -0.671021
  204 20.35 7.16667 2.23166 4.13016 2.92531
  205 20.45 7.16667 -0.599167 -1.56792 -1.84183
  206 20.55 7.56667 0.011212 4.14301 -4.50389
  207 20.65 7.73333 4.9116 2.24081 5.4751
  208 20.75 7.7 -1.16353 4.58417 1.59176
  209 20.85 7.36667 1.45306 0.804019 -1.33402
  210 20.95 7.03333 4.84935 -2.92826 -1.3964
  211 21.05 7.56667 4.59491 0.52596 8.96151
  212 21.15 7.8 0.520672 -0.53947 -3.27874
  213 21.25 8.16667 4.03987 2.88555 3.67973
  214 21.35 7.06667 -1.4096 -0.569543 -3.18991
  215 21.45 7.73333 2.37649 -2.18117 -0.441236
  216 21.55 7.36667 2.98041 5.98482 5.92514
  217 21.65 7.43333 1.76498 2.46681 3.89164
  218 21.75 7.5 4.56413 6.26626 -0.88839
  219 21.85 7.66667 1.16544 2.59374 0.00550451
  220 21.95 7 1.36367 3.85431 6.19138
  221 22.05 7 2.84839 5.59919 2.25746
  222 22.15 7.96667 0.475428 -0.865765 -1.44281
  223 22.25 7.6 0.462063 1.98483 -0.0715215
  224 22.35 7.63333 -1.0116 3.29134 3.73961
  225 22.45 7.36667 0.874117 -0.430304 0.433722
  226 22.55 7.6 4.70608 2.36519 2.89324
  227 22.65 7.8 4.93719 1.64539 -1.72856
  228 22.75 7.46667 0.482547 0.71324 3.39663
  229 22.85 6.9 0.596844 5.03331 3.60701
  230 22.95 7.2 5.21705 3.68305 3.31535
  231 23.05 7.83333 0.622361 0.930532 -2.75437
  232 23.15 7.33333 0.0676383 -1.70812 -4.19394
  233 23.25 7.33333 -0.787654 0.920979 0.845434
  234 23.35 7.36667 5.06523 4.10015 -0.642576
  235 23.45 7.6 2.38359 5.21515 0.263717
  236 23.55 7.46667 1.20207 -0.130055 -0.59123
  237 23.65 7.4 0.730648 1.5067 2.06629
  238 23.75 6.83333 -6.67827 -2.64616 -4.84098
  239 23.85 7.1 4.7103 5.20704 1.37908
  240 23.95 8.06667 -1.56009 0.764148 -3.38124
  241 24.05 7.26667 6.88374 1.53711 0.0935807
  242 24.15 7.86667 3.64581 6.07228 2.4605
  243 24.25 6.93333 -0.169933 4.73073 -0.914749
  244 24.35 6.5 6.55077 5.88773 1.23102
  245 24.45 7.53333 3.14814 4.3986 -1.99216
  246 24.55 6.46667 7.24041 4.14839 0.994185
  247 24.65 7.8 3.52373 5.16087 -0.751713
  248 24.75 6.46667 1.36666 5.59626 2.50697
  249 24.85 6.96667 2.37288 10.2616 2.74969
  250 24.95 6.7 1.99143 0.755953 -1.13673
  251 25.05 6.46667 3.71119 4.52 3.69981
  252 25.15 6.1 6.19243 4.29889 0.762309
  253 25.25 6.4 1.92366 3.89664 -2.9176
  254 25.35 6.13333 2.92817 3.01215 2.63803
  255 25.45 5.4 1.56909 3.83867 -0.185101
  256 25.55 5.46667 5.17847 5.5967 -1.14765
  257 25.65 4.93333 3.89758 5.42077 4.32179
  258 25.75 5.33333 5.28956 4.88226 2.88768
  259 25.85 5 1.49585 1.27244 -0.112555
  260 25.95 4.43333 3.12887 1.53061 2.49139
  261 26.05 3.93333 -0.0386293 0.45596 2.26175
  262 26.15 4 2.36858 1.74062 0.697542
  263 26.25 4.36667 4.29353 3.87725 3.88062
  264 26.35 3.63333 2.26121 2.37294 1.17889
  265 26.45 2.66667 -0.662367 1.50009 1.62209
  266 26.55 2.46667 1.08422 0.299048 2.04945
  267 26.65 2.3 0.653811 1.15411 1.94538
  268 26.75 1.76667 0.669615 -0.441121 1.30547
  269 26.85 1.73333 1.03953 -0.320352 0.824106
  270 26.95 1.06667 0.0987126 -0.498503 0.271606
  271 27.05 1.23333 -0.330671 0.203472 0.558922
  272 27.15 1.3 0.0267505 0.0812961 0.993134
  273 27.25 1.23333 -1.10393 0.202064 0.816338
  274 27.35 0.766667 -1.26026 -0.805862 -0.0725291
  275 27.45 0.5 -0.351691 -0.628498 -0.342198
  276 27.55 0.566667 0.266652 0.0999904 0.531332
  277 27.65 0.5 0.0621177 -0.181387 -0.0985463
  278 27.75 0.333333 -0.523136 -0.0126937 0.0487506
  279 27.85 0.366667 -0.0347027 -0.216478 0.195963
  280 27.95 0.266667 0.0844671 -0.116679 0.225376
  281 28.05 0.233333 -0.0611938 -0.428028 0.12185
  282 28.15 0.166667 -0.10565 -0.0107793 -0.279098
  283 28.25 0.5 -0.547653 -0.468514 0.167662
  284 28.35 0.133333 0.0384367 0.0677373 0.110764
  285 28.45 0.166667 -0.00107517 -0.0149893 0.143253
  286 28.55 0.166667 -0.210622 -0.00306296 0.0863321
  287 28.65 0.166667 -0.243728 -0.0783216 0.0325494
  288 28.75 0.166667 -0.0481251 -0.0614932 -0.225504
  289 28.85 0.133333 -0.320029 -0.0398401 -0.0956824
  290 28.95 0.133333 -0.0755115 -0.109629 0.0373318
  291 29.05 0.2 -0.0611869 -0.297873 -0.0890526
  292 29.15 0.0666667 0.00326011 0.0171513 0.00597463
  293 29.25 0.1 0.0672888 -0.030767 -0.0189554
  294 29.35 0.133333 -0.102459 -0.084955 -0.215521
  295 29.45 0.0333333 -0.00604575 -0.0275032 -0.0878607
  296 29.55 0.0666667 -0.0223686 -0.0837291 -0.190455
  297 29.65 0.166667 -0.337263 -0.210708 0.0040194
  298 29.75 0.0333333 -0.00477221 -0.0658937 -0.0307147
  299 29.85 0.0666667 -0.0382053 -0.0483002 -0.0305668
  300 29.95 0.1 -0.0470796 -0.136197 -0.0184644
  301 30.05 0.2 -0.142179 -0.0863908 0.0303387
  302 30.15 0.133333 0.0151764 0.00106165 -0.269145
  303 30.25 0.0333333 -0.00969066 -0.0891958 -0.0187731
  304 30.35 0.1 -0.0532151 -0.0591892 -0.152815
  305 30.45 0.2 -0.206569 -0.347304 -0.202547
  306 30.55 0.2 -0.13788 -0.240315 -0.189217
  307 30.65 0 0 0 0
  308 30.75 0.133333 -0.0733328 -0.135986 -0.11445
  309 30.85 0.1 -0.0592078 -0.0330357 -0.0550284
  310 30.95 0.233333 -0.213068 -0.0990588 -0.412495
  311 31.05 0.133333 -0.0574047 -0.181634 -0.271262
  312 31.15 0.133333 -0.0762475 -0.028893 -0.170484
  313 31.25 0.1 8.10733e-05 -0.105316 -0.135107
  314 31.35 0.1 -0.0236211 -0.116536 -0.107961
  315 31.45 0.133333 0.00274279 -0.113915 0.0111632
  316 31.55 0 0 0 0
  317 31.65 0.1 -0.0490825 -0.0241938 0.00407678
  318 31.75 0.266667 -0.260864 -0.453635 -0.115197
  319 31.85 0.166667 -0.0724072 -0.26193 -0.215744
  320 31.95 0.0333333 -0.00106491 0.000826014 -0.0333658
  321 32.05 0.0666667 -0.0713936 -0.0459305 -0.041052
  322 32.15 0.0666667 0.016193 -0.051013 -0.0217381
  323 32.25 0.133333 -0.1718 -0.41812 -0.0257858
  324 32.35 0.233333 -0.0376191 -0.363286 -0.254052
  325 32.45 0 0 0 0
  326 32.55 0.0333333 -0.00783657 -0.0968866 -0.0123962
  327 32.65 0.166667 0.0273476 -0.128566 -0.372001
  328 32.75 0.0666667 -0.0195237 -0.0417088 -0.059515
  329 32.85 0.0666667 -0.243043 -0.0970701 -0.189669
  330 32.95 0.133333 -0.228661 -0.00945447 -0.0563441
  331 33.05 0.133333 -0.265625 -0.0590566 -0.0242437
  332 33.15 0.0333333 -0.00120809 -0.00484864 -0.0539466
  333 33.25 0.166667 -0.19148 -0.299092 -0.0147378
  334 33.35 0.133333 -0.180841 -0.274888 -0.238546
  335 33.45 0.2 -0.1338 -0.100014 -0.164477
  336 33.55 0.1 -0.0910825 -0.255113 -0.00552223
  337 33.65 0.133333 -0.176831 -0.0444868 -0.00318813
  338 33.75 0.233333 -0.229123 -0.0598783 -0.0211595
  339 33.85 0.133333 -0.21925 -0.053456 -0.0227355
  340 33.95 0.1 -0.0185436 -0.219676 -0.0202856
  341 34.05 0.166667 -0.0129237 -0.16799 -0.289474
  342 34.15 0.166667 -0.308446 -0.133268 -0.15995
  343 34.25 0.0666667 -0.00334854 -0.0229255 -0.00160011
  344 34.35 0.2 -0.207546 -0.331462 -0.0329406
  345 34.45 0.2 -0.353355 -0.0929226 -0.025518
  346 34.55 0.166667 0.0289555 -0.11624 -0.0670763
  347 34.65 0.1 -0.0847982 -0.0121714 0.015345
  348 34.75 0.1 -0.233177 -0.146901 -0.0212342
  349 34.85 0.1 -0.290382 -0.0168712 -0.0546491
  350 34.95 0.2 -0.659046 -0.048254 -0.0447595
  351 35.05 0.1 -0.00743191 -0.0362224 -0.0897606
  352 35.15 0.133333 -0.219507 -0.0584875 -0.155597
  353 35.25 0.1 -0.122322 -0.0316455 -0.177498
  354 35.35 0.133333 -0.0745184 -0.165016 -0.00260583
  355 35.45 0.133333 -0.0788523 -0.0428557 -0.00807873
  356 35.55 0.0666667 -0.22179 -0.0245464 -0.0461826
  357 35.65 0.1 -0.0870375 -0.118218 -0.0169502
  358 35.75 0.2 -0.0183609 -0.0875515 -0.238052
  359 35.85 0.1 -0.289343 -0.0889466 -0.0237164
  360 35.95 0.0666667 -0.278197 0.000177179 -0.0418096
120000 360 1267.0000000000025
  1 0.05 0.133333 -0.061387 -0.0648652 -0.0455044
  2 0.15 0.2 -0.0342694 -0.211986 -0.140825
  3 0.25 0.1 -0.123134 -0.188571 0.0225153
  4 0.35 0.233333 -0.219136 -0.321606 -0.252077
  5 0.45 0.0666667 -0.00580996 0.0212409 0.00896205
  6 0.55 0.133333 -0.00372944 -0.00754358 -0.050813
  7 0.65 0.0666667 -0.000481902 -0.0201631 -0.00873295
  8 0.75 0.233333 -0.13168 -0.158531 -0.145584
  9 0.85 0.0666667 -0.049467 -0.233837 -0.0104771
  10 0.95 0.0666667 -0.0468241 -0.0524116 0.000350347
  11 1.05 0.233333 -0.210712 -0.019052 -0.143548
  12 1.15 0.0666667 0.00561628 -0.142917 -0.152985
  13 1.25 0.0666667 -0.0201664 -0.0255276 -0.0490419
  14 1.35 0.133333 0.0309574 0.00590516 -0.0199101
  15 1.45 0.166667 -0.0497589 -0.342471 -0.0796446
  16 1.55 0.133333 0.0131723 -0.0490867 -0.152096
  17 1.65 0.133333 -0.0173682 -0.188696 -0.0489805
  18 1.75 0.2 -0.213693 -0.036343 -0.174269
  19 1.85 0.0666667 -0.00785294 -0.00234575 -0.00119898
  20 1.95 0.266667 -0.33088 -0.533227 -0.0186576
  21 2.05 0.233333 -0.63746 -0.223053 -0.0703525
  22 2.15 0.0666667 -0.287633 -0.0836967 -0.149829
  23 2.25 0.366667 -0.139397 -0.434173 -0.144647
  24 2.35 0.1 -0.0361638 0.00193923 -0.0476916
  25 2.45 0.166667 -0.0559156 -0.0771637 -0.0694647
  26 2.55 0.0333333 -0.0545572 -0.0446303 -0.00466106
  27 2.65 0.133333 -0.120384 -0.069698 -0.076794
  28 2.75 0.0666667 -0.0433794 -0.02032 -0.00855061
  29 2.85 0.233333 -0.0831352 -0.146245 -0.4658
  30 2.95 0.133333 -0.0113889 -0.0335898 -0.181015
  31 3.05 0.233333 -0.567289 -0.0585979 -0.414761
  32 3.15 0.1 -0.111256 -0.108975 -0.0941875
  33 3.25 0.233333 -0.10746 -0.0609563 -0.0640501
  34 3.35 0.133333 -0.117176 -0.0476339 -0.0368821
  35 3.45 0.1 -0.0494082 -0.00218636 -0.0441787
  36 3.55 0.1 -0.0676663 -0.0222575 -0.0305912
  37 3.65 0.1 -0.0323609 -0.0444809 -0.0353153
  38 3.75 0.2 -0.0534098 -0.0381209 -0.134466
  39 3.85 0.133333 -0.0647373 -0.0500812 -0.136241
  40 3.95 0.166667 -0.0627399 -0.0856018 -0.0984239
  41 4.05 0.1 -0.12992 -0.0719835 -0.134964
  42 4.15 0.2 -0.225804 -0.226075 -0.101343
  43 4.25 0.166667 -0.257061 -0.117561 -0.261359
  44 4.35 0.166667 -0.208752 -0.0733876 -0.270234
  45 4.45 0 0 0 0
  46 4.55 0.1 -0.063173 -0.0826782 -0.281318
  47 4.65 0.166667 -0.299889 -0.0842326 -0.0749273
  48 4.75 0.133333 -0.216954 -0.191346 -0.211548
  49 4.85 0.0666667 -0.0231823 -0.184285 -0.0240416
  50 4.95 0.133333 -0.149192 -0.213845 -0.108412
  51 5.05 0.0333333 0.0427344 0.00565205 -0.0109752
  52 5.15 0.1 -0.23686 -0.0105047 -0.0663899
  53 5.25 0.166667 -0.162245 -0.129667 0.00668968
  54 5.35 0.1 -0.0905505 -0.0578069 -0.0600413
  55 5.45 0.266667 -0.340365 -0.130235 -0.40067
  56 5.55 0.166667 -0.480135 -0.338766 -0.183927
  57 5.65 0.0333333 -0.061573 -0.0184509 -0.0219168
  58 5.75 0.133333 -0.183551 -0.0644298 -0.0631917
  59 5.85 0.233333 -0.538964 -0.0912546 -0.355867
  60 5.95 0.166667 -0.138872 -0.0700824 -0.0585793
  61 6.05 0.0666667 -0.0446893 -0.148488 -0.0191915
  62 6.15 0.0666667 -0.00680774 0.009483 -0.00817094
  63 6.25 0.166667 -0.113965 -0.134226 0.00585557
  64 6.35 0.2 -0.092538 -0.258476 -0.0152918
  65 6.45 0.233333 -0.455037 -0.190472 -0.136318
  66 6.55 0.166667 -0.309826 -0.0100604 0.0344776
  67 6.65 0.133333 0.0393427 -0.0382685 -0.133931
  68 6.75 0.233333 -0.132147 -0.055312 -0.197179
  69 6.85 0.2 -0.214284 -0.221069 -0.104247
  70 6.95 0.0666667 0.000990424 0.0210321 -0.248671
  71 7.05 0.166667 -0.0651017 -0.0557483 -0.0125736
  72 7.15 0.266667 -0.0912499 0.113635 -0.142792
  73 7.25 0.0666667 -0.111422 0.0291471 0.00639614
  74 7.35 0.133333 -0.0155436 0.0992155 0.11288
  75 7.45 0.2 -0.259459 -0.141359 -0.118865
  76 7.55 0.166667 -0.00472078 -0.383586 0.0103039
  77 7.65 0.233333 -0.0422464 0.112516 0.0831699
  78 7.75 0.466667 0.104502 -0.138647 0.331885
  79 7.85 0.3 0.0902996 -0.00262156 -0.0347281
  80 7.95 0.166667 0.0806561 0.0609979 -0.00955542
  81 8.05 0.133333 0.121559 -0.0421977 0.0683287
  82 8.15 0.533333 -0.0993655 -0.00738564 -0.147834
  83 8.25 0.433333 -0.12754 -0.0698371 0.0130532
  84 8.35 0.466667 0.0602494 -0.237281 -0.0836422
  85 8.45 0.766667 0.149124 -0.00828581 0.223015
  86 8.55 0.933333 0.180793 0.218844 0.854741
  87 8.65 0.966667 -0.538907 0.490973 0.983428
  88 8.75 1.1 0.620096 0.403437 1.15287
  89 8.85 1.5 0.420045 0.784689 1.20986
  90 8.95 1.53333 0.306537 0.199782 1.45313
  91 9.05 1.63333 1.37304 1.26689 0.950027
  92 9.15 1.96667 1.2525 0.0968271 1.24992
  93 9.25 2.06667 2.3616 -1.01587 0.727449
  94 9.35 2.16667 2.87868 1.16005 1.9787
  95 9.45 2.7 1.71339 1.85125 1.92268
  96 9.55 3.16667 1.45004 2.90415 2.56832
  97 9.65 3.56667 1.6645 2.11661 1.72355
  98 9.75 3.63333 3.34911 2.06975 3.49254
  99 9.85 4.33333 3.32175 3.69611 3.32464
  100 9.95 4.13333 1.79512 2.41905 1.86725
  101 10.05 5.16667 1.86983 4.14722 -0.163147
  102 10.15 5.03333 3.96467 0.871195 1.49249
  103 10.25 5.2 5.46569 2.73657 2.89434
  104 10.35 5.1 0.668574 4.15794 2.65022
  105 10.45 5.56667 4.33157 7.2056 3.25653
  106 10.55 6.13333 2.39748 3.76698 1.25856
  107 10.65 5.96667 0.322711 3.67865 -0.0560153
  108 10.75 7.16667 -1.1631 5.23056 -1.03134
  109 10.85 6.06667 -2.16957 3.41286 -1.40128
  110 10.95 6.73333 2.29222 2.91789 0.21908
  111 11.05 6.16667 1.02341 1.62981 1.39504
  112 11.15 6.2 0.211407 -1.07616 3.04769
  113 11.25 6.96667 0.873786 4.04472 -0.0349573
  114 11.35 6.63333 0.687562 4.21224 0.215712
  115 11.45 7.8 5.803 2.07837 -0.420178
  116 11.55 7.6 0.537991 2.45623 -4.14512
  117 11.65 6.7 4.04933 2.57141 -0.319581
  118 11.75 8.03333 -3.47259 -0.0575068 -1.26271
  119 11.85 7.36667 2.49341 0.166921 0.181294
  120 11.95 7.33333 1.28066 1.54491 -0.177687
  121 12.05 6.5 1.45339 -2.47124 -0.389817
  122 12.15 6.96667 -0.66921 0.498881 0.988699
  123 12.25 7.73333 1.50013 -1.92055 -5.1209
  124 12.35 7.46667 -1.00801 -2.18502 -1.76712
  125 12.45 7.5 1.08695 -0.00280816 7.59487
  126 12.55 7.5 8.33419 1.08366 6.1308
  127 12.65 7.03333 0.199053 3.92064 -2.95187
  128 12.75 7.43333 3.31172 -0.536565 4.66521
  129 12.85 7.23333 0.357438 -5.08709 -2.80871
  130 12.95 8 1.89032 1.58123 -1.21395
  131 13.05 6.83333 2.46954 -0.307174 2.00611
  132 13.15 7.23333 0.772227 1.26374 0.698429
  133 13.25 7.5 2.7894 -0.203909 1.33661
  134 13.35 6.66667 6.95966 -0.455178 3.87566
  135 13.45 7.86667 5.24663 -0.989714 2.10669
  136 13.55 7.46667 -1.07958 3.70777 4.12279
  137 13.65 8.26667 5.77342 7.65742 1.53653
  138 13.75 6.53333 3.41304 1.57242 -0.106051
  139 13.85 8.66667 5.41499 -0.305224 0.239014
  140 13.95 7.13333 -2.63674 -1.29158 1.64429
  141 14.05 7.66667 3.33489 -0.00436294 0.857785
  142 14.15 6.13333 1.20116 -0.817636 -0.0829406
  143 14.25 7.5 -0.46596 -5.54966 -2.37514
  144 14.35 7.8 0.186855 2.06299 1.59646
  145 14.45 7.26667 3.27842 1.52924 0.166315
  146 14.55 7.8 3.44319 1.1495 2.59785
  147 14.65 8.43333 2.05336 2.07401 -2.96035
  148 14.75 7.76667 6.67755 -1.49216 1.11094
  149 14.85 6.7 7.60286 3.92136 1.56494
  150 14.95 6.7 1.74601 -2.25573 -0.0646043
  151 15.05 7.5 0.616677 0.153417 -0.115038
  152 15.15 7.63333 -2.16667 -2.46672 4.09188
  153 15.25 8.56667 6.25687 7.74015 4.54912
  154 15.35 7.26667 4.13928 2.57492 2.98939
  155 15.45 6.7 -2.30094 -0.306908 -0.319656
  156 15.55 7.66667 3.44545 3.20067 -1.33546
  157 15.65 7.5 1.4505 2.17157 0.202848
  158 15.75 7.86667 2.31931 0.536485 4.14298
  159 15.85 7.76667 2.00599 9.32398 5.90119
  160 15.95 7.16667 -5.53915 3.25025 2.23202
  161 16.05 7.5 2.73228 3.37255 5.14024
  162 16.15 7.73333 -1.92161 0.749131 0.232646
  163 16.25 7.16667 3.55228 4.1753 2.59505
  164 16.35 8.16667 4.16715 6.52154 5.7567
  165 16.45 7.66667 0.135134 3.32873 -0.356073
  166 16.55 7.66667 -1.39107 0.825525 1.68839
  167 16.65 6.96667 2.90825 4.66878 2.85877
  168 16.75 6.83333 4.39507 3.72953 7.78804
  169 16.85 7.8 0.360117 -2.71095 3.08098
  170 16.95 7.9 4.90824 1.97475 0.841878
  171 17.05 7.6 -4.71156 -2.63424 1.07254
  172 17.15 7.66667 4.34067 -0.272796 3.00772
  173 17.25 7.43333 -1.56297 7.36248 2.05204
  174 17.35 7.63333 1.08429 1.93014 3.40134
  175 17.45 7.73333 5.97024 7.3878 0.71251
  176 17.55 7.6 3.76552 -6.45831 -0.0283114
  177 17.65 7.3 5.25721 1.03626 3.07252
  178 17.75 7.26667 3.51161 0.473826 0.271504
  179 17.85 7.36667 -4.95968 2.60696 7.08384
  180 17.95 8.06667 5.77237 4.53983 4.24267
  181 18.05 7.9 0.618049 -1.59445 3.26224
  182 18.15 7.56667 -2.54497 -2.75056 2.42857
  183 18.25 7.3 4.22889 -0.235567 0.640787
  184 18.35 7.63333 2.29129 -2.11344 -4.2938
  185 18.45 7.83333 5.90931 2.28868 0.721839
  186 18.55 7.5 2.03254 -2.38579 1.43049
  187 18.65 7.5 1.18718 2.7464 3.90411
  188 18.75 6.7 2.15752 2.21054 4.03629
  189 18.85 7.86667 1.67201 4.91775 6.85035
  190 18.95 7.73333 -3.02879 0.0402504 5.01729
  191 19.05 8.06667 -0.984387 3.86658 5.00333
  192 19.15 7.46667 -2.08088 3.45635 -2.22042
  193 19.25 7.76667 -0.838705 0.752161 1.28623
  194 19.35 7.63333 0.508247 -1.73392 0.0097613
  195 19.45 7.7 4.82085 4.15445 5.3698
  196 19.55 7.43333 -2.05237 1.16375 -0.637002
  197 19.65 6.8 6.97109 0.678741 1.00591
  198 19.75 7.66667 4.80921 2.46932 2.20705
  199 19.85 7.83333 2.35947 3.41942 6.12643
  200 19.95 8.1 2.08444 0.0806189 2.97464
  201 20.05 7.86667 2.98228 9.62428 -1.08104
  202 20.15 7.7 2.71284 0.676082 2.36718
  203 20.25 7.33333 0.433456 0.745047 4.34203
  204 20.35 7.33333 3.4783 -0.835084 3.65545
  205 20.45 8 5.72018 4.2506 5.2706
  206 20.55 8.36667 0.383273 5.27484 -1.92762
  207 20.65 8.1 3.87211 5.36977 4.11794
  208 20.75 6.13333 6.36975 2.00827 5.99705
  209 20.85 7.7 -2.7102 1.40931 -1.97068
  210 20.95 7.46667 0.450822 -1.39428 -5.9073
  211 21.05 8.46667 6.67122 0.46839 3.52234
  212 21.15 7.36667 1.37309 2.58124 2.72624
  213 21.25 7.96667 5.75016 3.13741 2.13623
  214 21.35 7.26667 6.31428 2.42878 -0.376922
  215 21.45 7.06667 2.08023 1.95749 2.8221
  216 21.55 8.53333 -3.00579 -2.06389 3.35947
  217 21.65 6.83333 2.91696 3.3389 4.33829
  218 21.75 8.1 0.905115 0.557616 1.42285
  219 21.85 8.33333 3.39819 7.645 5.37092
  220 21.95 7.5 2.61917 1.45813 -2.49943
  221 22.05 6.6 1.75688 2.86214 2.26629
  222 22.15 7.73333 1.73067 3.35123 1.04412
  223 22.25 7.76667 -0.724088 0.668806 5.07876
  224 22.35 6.93333 -1.59252 1.30679 -0.916646
  225 22.45 8.2 0.794354 -0.158987 -1.32643
  226 22.55 7.33333 -1.04182 0.727359 -0.430111
  227 22.65 7.3 0.304281 2.72542 3.10046
  228 22.75 8.3 -3.72245 -1.99969 1.19336
  229 22.85 6.96667 0.708218 5.30318 4.38585
  230 22.95 7.2 4.98186 6.12154 1.3263
  231 23.05 7 2.70946 2.9834 1.74414
  232 23.15 8.2 -6.86202 -4.65723 -1.205
  233 23.25 7.3 -1.29037 0.901553 2.42051
  234 23.35 7.8 2.29461 1.77308 0.783866
  235 23.45 8.16667 2.16243 0.21126 7.76113
  236 23.55 7.76667 0.614313 -2.41724 -1.16121
  237 23.65 7.16667 7.55963 6.76218 3.06699
  238 23.75 7 4.80439 4.40425 0.47455
  239 23.85 7.26667 3.42966 1.10712 -0.456269
  240 23.95 7.43333 2.0504 5.97148 4.62648
  241 24.05 7.66667 -1.85767 0.707983 1.08108
  242 24.15 7 0.981915 6.03847 -0.512139
  243 24.25 7.2 -0.48692 1.22837 -0.565204
  244 24.35 7.43333 2.52835 1.6168 2.51475
  245 24.45 7.1 -2.99839 -0.221106 -0.574319
  246 24.55 7.96667 6.96382 6.43282 -0.36119
  247 24.65 6.93333 2.55703 2.30065 2.29705
  248 24.75 7.5 4.81056 3.46737 1.49987
  249 24.85 6.66667 5.77958 1.40333 1.33297
  250 24.95 6.8 7.33497 5.2202 -1.71416
  251 25.05 7.46667 1.78425 2.09311 -1.94789
  252 25.15 6.3 4.24087 6.36835 1.84895
  253 25.25 6.16667 8.34624 4.8199 0.138228
  254 25.35 6.6 7.09875 6.55633 0.665768
  255 25.45 6.63333 4.31226 9.08103 4.65073
  256 25.55 6.3 4.73777 2.6253 -0.980942
  257 25.65 5.73333 3.67343 6.10177 2.21156
  258 25.75 4.6 -0.607566 0.828794 -1.65656
  259 25.85 5.93333 4.12485 3.78922 4.34674
  260 25.95 4.93333 2.75214 4.8251 3.15183
  261 26.05 4.26667 6.34188 3.45429 5.06066
  262 26.15 4.36667 4.56973 4.28238 3.0704
  263 26.25 4.36667 3.04189 2.94549 1.02117
  264 26.35 3.6 2.47897 1.09435 -0.23109
  265 26.45 2.93333 0.120998 -0.129832 1.46962
  266 26.55 2.86667 2.39791 2.42189 2.61344
  267 26.65 2.53333 2.69591 2.62806 1.68368
  268 26.75 2.3 1.24153 1.35229 2.17751
  269 26.85 2.4 0.508733 0.514748 1.27969
  270 26.95 1.76667 -0.58476 1.22798 1.63389
  271 27.05 1.8 0.994121 0.865313 1.67239
  272 27.15 1.06667 -0.225079 0.172994 0.0521337
  273 27.25 1.46667 0.713755 1.01595 0.553953
  274 27.35 1.03333 0.110751 -0.350875 -0.463842
  275 27.45 0.866667 0.307047 -0.28328 1.1319
  276 27.55 0.733333 -0.453916 -0.053277 0.899058
  277 27.65 0.566667 -0.0772054 0.00194304 0.621387
  278 27.75 0.5 -0.692924 -0.248044 0.327637
  279 27.85 0.4 0.084546 0.0989944 0.048657
  280 27.95 0.4 -0.171818 -0.100825 0.202801
  281 28.05 0.3 0.00233021 -0.197471 0.233787
  282 28.15 0.3 -0.202776 0.160392 -0.101636
  283 28.25 0.333333 -0.068582 -0.0844643 0.26659
  284 28.35 0.333333 -0.0983167 -0.0873314 0.0578136
  285 28.45 0.1 0.00400989 0.00980908 -0.175049
  286 28.55 0.233333 -0.07957 -0.0585238 -0.0881979
  287 28.65 0.133333 -0.153818 -0.103059 0.0942939
  288 28.75 0.166667 -0.12962 -0.0761405 0.126146
  289 28.85 0.166667 -0.0996772 -0.254881 -0.062021
  290 28.95 0.133333 -0.0317235 -0.124188 0.0130951
  291 29.05 0.2 -0.159457 -0.00551055 -0.089024
  292 29.15 0.0333333 -0.137018 0.00128421 0.00364795
  293 29.25 0.166667 -0.0378455 -0.14844 -0.295713
  294 29.35 0.166667 0.00633849 -0.204032 -0.0916805
  295 29.45 0.133333 -0.186024 -0.0483089 -0.00427003
  296 29.55 0.2 -0.0444102 -0.122782 -0.0155225
  297 29.65 0.233333 -0.0750493 -0.083914 -0.0496331
  298 29.75 0 0 0 0
  299 29.85 0.166667 -0.155656 0.0396431 -0.0133429
  300 29.95 0.1 -0.0492901 -0.0598524 -0.296936
  301 30.05 0.133333 -0.0496396 0.0589946 -0.0037801
  302 30.15 0.166667 -0.0687876 -0.101678 -0.06234
  303 30.25 0.166667 -0.364312 -0.0818457 -0.176763
  304 30.35 0.133333 -0.229185 -0.0186346 -0.0536174
  305 30.45 0.0333333 -0.00827585 -0.00050256 -0.0131799
  306 30.55 0.1 -0.0425472 -0.122063 -0.0417736
  307 30.65 0.0333333 -0.00969519 -0.00939271 0.00224453
  308 30.75 0.0333333 0.00425726 0.000553182 -0.000841121
  309 30.85 0.133333 -0.0352285 -0.0755212 -0.0390596
  310 30.95 0.166667 -0.0573621 -0.0471845 -0.0418697
  311 31.05 0.1 -0.0734501 -0.142686 -0.0251818
  312 31.15 0.166667 -0.270359 -0.215099 -0.00467805
  313 31.25 0.0666667 -0.109039 0.000193573 -0.039614
  314 31.35 0.3 -0.367236 -0.260248 -0.116725
  315 31.45 0.166667 -0.130545 -0.273231 -0.158669
  316 31.55 0.0666667 -0.130383 -0.0883472 -0.0580209
  317 31.65 0.266667 -0.0457549 -0.0899915 -0.332366
  318 31.75 0.0666667 -0.0540858 -0.123966 -0.0209384
  319 31.85 0.233333 -0.147065 -0.10713 -0.100173
  320 31.95 0.1 -0.069139 -0.0585934 -0.0923507
  321 32.05 0.0666667 -0.0354229 0.00567908 0.0201137
  322 32.15 0.2 -0.0669214 -0.0855668 -0.0875615
  323 32.25 0.0666667 -0.154321 -0.173931 -0.253903
  324 32.35 0.1 -0.0458329 0.0425173 -0.0607192
  325 32.45 0.166667 -0.0663758 -0.330655 -0.181276
  326 32.55 0.2 -0.212161 -0.216922 -0.549565
  327 32.65 0.133333 -0.0697398 -0.0810972 -0.29865
  328 32.75 0.166667 -0.019245 -0.144138 -0.0343311
  329 32.85 0.133333 -0.160077 -0.225121 -0.361825
  330 32.95 0.133333 -0.0110147 -0.0110014 -0.0447936
  331 33.05 0.266667 -0.0754558 -0.140413 -0.204551
  332 33.15 0.2 -0.0920497 -0.197947 -0.129126
  333 33.25 0.0666667 -0.03139 -0.0686865 -0.161573
  334 33.35 0.1 -0.204167 0.0210016 -0.0959844
  335 33.45 0.2 -0.522435 -0.18905 -0.54576
  336 33.55 0.233333 -0.137419 -0.226549 -0.166283
  337 33.65 0.333333 -0.325051 -0.137757 -0.124379
  338 33.75 0.1 -0.0985772 -0.0270549 -0.0591612
  339 33.85 0.0666667 -0.0651125 -0.135438 -0.0114287
  340 33.95 0.2 0.0619418 -0.109806 -0.146922
  341 34.05 0.133333 -0.0870454 -0.0684141 -0.094618
  342 34.15 0.133333 -0.0814061 -0.237838 -0.0959084
  343 34.25 0.166667 0.0315774 -0.0605672 -0.0500992
  344 34.35 0.133333 -0.217304 -0.0351462 -0.0592644
  345 34.45 0 0 0 0
  346 34.55 0.133333 -0.190563 -0.206587 -0.0362581
  347 34.65 0.133333 -0.0776191 -0.0883475 -0.109051
  348 34.75 0.166667 -0.00109798 -0.0589108 -0.0862978
  349 34.85 0.233333 -0.457483 -0.0914077 -0.643885
  350 34.95 0.133333 -0.0716005 -0.106559 -0.0903197
  351 35.05 0.166667 -0.263397 -0.283072 -0.102514
  352 35.15 0.0333333 -0.02917 -0.0403883 -0.0294879
  353 35.25 0.133333 -0.0344846 -0.0586794 0.00660589
  354 35.35 0.166667 -0.0804543 -0.0576802 -0.226539
  355 35.45 0.166667 -0.0893961 0.00572528 -0.0816978
  356 35.55 0.233333 -0.0587235 -0.278611 -0.164952
  357 35.65 0.0333333 -0.00725407 0.00743112 -0.0295171
  358 35.75 0.133333 -0.0823526 -0.11098 -0.370708
  359 35.85 0.133333 -0.0194119 -0.0828798 -0.00608017
  360 35.95 0.233333 -0.161584 -0.36879 -0.143784
150000 360 1267.000000000002
  1 0.05 0.0666667 -0.240475 -0.0593777 -0.152641
  2 0.15 0.133333 -0.0230945 -0.0947403 -0.0750894
  3 0.25 0.2 -0.548772 -0.0876285 -0.0705161
  4 0.35 0.1 -0.0884636 -0.0865102 -0.155598
  5 0.45 0.166667 -0.333804 -0.0936584 -0.0703235
  6 0.55 0.2 -0.0626393 -0.106884 -0.302088
  7 0.65 0.166667 0.046377 -0.148974 -0.0830589
  8 0.75 0.1 -0.355602 -0.0329774 -0.178147
  9 0.85 0.0333333 -0.00522066 0.00539788 0.0424882
  10 0.95 0.1 -0.119292 -0.157118 -0.35717
  11 1.05 0.266667 -0.313709 -0.414929 -0.148813
  12 1.15 0.133333 -0.0332448 -0.000240356 -0.140748
  13 1.25 0.266667 -0.136359 -0.0266074 -0.0706174
  14 1.35 0.133333 -0.140391 -0.057113 -0.176484
  15 1.45 0.1 -0.301442 -0.119682 -0.00237686
  16 1.55 0.233333 -0.048014 -0.351381 -0.246534
  17 1.65 0.0666667 -0.111999 -0.0527755 -0.0956086
  18 1.75 0.1 -0.180314 -0.136462 -0.387746
  19 1.85 0.233333 -0.100978 -0.121181 -0.236937
  20 1.95 0.133333 -0.0764647 -0.0341784 -0.0449429
  21 2.05 0.133333 -0.141211 -0.0237631 -0.0831779
  22 2.15 0.2 -0.102755 -0.119249 -0.153106
  23 2.25 0.1 -0.0662812 -0.107601 0.00493942
  24 2.35 0.1 -0.00270815 -0.0101159 -0.007677
  25 2.45 0.1 -0.0538769 -0.0792777 -0.130387
  26 2.55 0.2 -0.101592 -0.02201 -0.31852
  27 2.65 0.166667 -0.0151707 -0.09465 -0.344349
  28 2.75 0.133333 -0.0958504 -0.163873 -0.283101
  29 2.85 0.3 -0.206126 0.0291727 -0.159054
  30 2.95 0.133333 -0.0323547 -0.0161263 -0.13421
  31 3.05 0.166667 -0.140313 0.0220837 -0.088517
  32 3.15 0.2 -0.552197 -0.113957 -0.100871
  33 3.25 0.2 -0.460449 -0.298064 -0.12507
  34 3.35 0.233333 -0.229888 -0.186884 -0.341547
  35 3.45 0.2 -0.178463 -0.145534 -0.14131
  36 3.55 0.0666667 0.00462905 -0.0509122 0.0173714
  37 3.65 0.133333 -0.199452 -0.0949254 -0.0415059
  38 3.75 0.133333 -0.0143133 -0.0162918 -0.0139232
  39 3.85 0.1 -0.0152421 -0.230759 -0.00473507
  40 3.95 0.166667 -0.137268 -0.293919 -0.108644
  41 4.05 0.1 -0.00378058 -0.0790173 -0.0718362
  42 4.15 0.0666667 -0.00334931 0.00464897 -0.0351415
  43 4.25 0.133333 -0.051398 0.0172246 -0.0290253
  44 4.35 0.166667 -0.0230634 -0.0551495 -0.234973
  45 4.45 0.266667 -0.00912802 -0.13613 -0.150758
  46 4.55 0.1 -0.050573 -0.172533 -0.0478352
  47 4.65 0.133333 -0.0612123 -0.0702889 -0.0495108
  48 4.75 0 0 0 0
  49 4.85 0.233333 -0.0215279 -0.050369 -0.100346
  50 4.95 0.266667 -0.197317 -0.059492 -0.140316
  51 5.05 0.1 -0.112427 -0.0427269 -0.0377524
  52 5.15 0.2 -0.121415 -0.148949 -0.179895
  53 5.25 0.133333 -0.0482627 -0.153758 0.0100106
  54 5.35 0.166667 -0.110109 -0.00555674 -0.137608
  55 5.45 0.133333 -0.0890776 -0.0227562 -0.211059
  56 5.55 0.2 -0.154687 -0.0209361 -0.0688037
  57 5.65 0.2 -0.177751 -0.228864 -0.0119982
  58 5.75 0.1 -0.0462324 -0.0723312 -0.0936342
  59 5.85 0.3 -0.038417 -0.0262653 -0.0938896
  60 5.95 0.333333 -0.00973053 -0.126325 -0.372989
  61 6.05 0.166667 -0.196496 -0.152964 -0.306504
  62 6.15 0.233333 -0.110883 -0.176732 -0.112616
  63 6.25 0.166667 -0.05603 0.0338291 -0.101627
  64 6.35 0.0666667 -0.0736544 -0.072258 -0.00548476
  65 6.45 0.166667 -0.0617702 -0.00887705 -0.0263291
  66 6.55 0.0333333 -0.00768124 -0.0452648 -0.0389687
  67 6.65 0.333333 -0.0610498 -0.34112 0.0859306
  68 6.75 0.333333 -0.132027 -0.292546 -0.179451
  69 6.85 0.266667 -0.0667136 -0.288587 -0.2779
  70 6.95 0.2 -0.186306 -0.0262737 -0.236388
  71 7.05 0.166667 -0.220278 0.0125202 -0.00290645
  72 7.15 0.2 -0.0373343 -0.0687262 0.119634
  73 7.25 0.333333 -0.0390466 -0.235347 0.159923
  74 7.35 0.0333333 -0.00766214 0.00710834 -0.0030069
  75 7.45 0.366667 -0.188698 0.0353294 -0.153172
  76 7.55 0.133333 -0.0122255 -0.0256516 -0.00691472
  77 7.65 0.2 -0.00513348 -0.315861 0.0147981
  78 7.75 0.333333 -0.108414 -0.0703646 0.0349811
  79 7.85 0.5 -0.227805 -0.00337528 -0.156337
  80 7.95 0.166667 -0.0761064 -0.0067357 0.160251
  81 8.05 0.5 -0.456137 -1.01244 0.460186
  82 8.15 0.4 -0.127094 -0.114989 -0.0686775
  83 8.25 0.466667 -0.00132495 0.0489664 0.553473
  84 8.35 0.4 0.127281 0.0694975 0.297099
  85 8.45 0.766667 0.45596 0.508604 0.984665
  86 8.55 0.8 0.436213 0.710711 1.21096
  87 8.65 0.933333 0.280526 0.115863 0.448271
  88 8.75 1.26667 0.297693 -0.0518046 1.15578
  89 8.85 1.06667 0.130041 -0.114104 0.801662
  90 8.95 1.26667 0.711139 0.282141 0.672711
  91 9.05 2.13333 1.11586 1.05406 1.49189
  92 9.15 2.36667 1.35624 2.6991 0.778931
  93 9.25 2.63333 1.96171 1.90955 0.763163
  94 9.35 2.73333 1.98923 1.77312 0.798726
  95 9.45 3 2.28707 2.8607 2.33089
  96 9.55 3.53333 1.31753 1.33711 1.12407
  97 9.65 3.83333 3.53511 2.40217 2.80384
  98 9.75 4.43333 2.4157 1.84102 0.436588
  99 9.85 4.53333 3.28847 3.21742 0.11387
  100 9.95 4.66667 5.38277 3.24309 2.51817
  101 10.05 5.2 3.77433 6.78608 2.21891
  102 10.15 4.76667 3.15997 3.35667 2.12304
  103 10.25 6.6 1.86666 3.92889 1.75472
  104 10.35 6.4 4.30552 4.23875 1.09822
  105 10.45 6.2 5.49488 2.96857 1.18331
  106 10.55 6.16667 6.41625 0.38214 2.06125
  107 10.65 5.43333 5.58721 0.898995 1.96207
  108 10.75 5.93333 2.42466 0.607463 -2.71119
  109 10.85 6.93333 6.5357 6.75043 4.12373
  110 10.95 7.23333 3.9486 3.24299 -0.143055
  111 11.05 7.16667 7.67596 4.91476 -1.63322
  112 11.15 6.9 1.0352 4.90199 -1.73244
  113 11.25 6.46667 1.14577 3.6636 -1.0717
  114 11.35 7.4 6.74113 8.67116 2.62868
  115 11.45 7.2 3.85177 0.42673 2.67706
  116 11.55 6.83333 3.90782 2.79811 1.79568
  117 11.65 7.5 1.83117 5.06209 2.83286
  118 11.75 7.56667 0.26297 -0.902149 -1.82255
  119 11.85 7.8 6.9098 2.5795 -0.727805
  120 11.95 8.4 4.4152 2.53798 -1.88842
  121 12.05 6.46667 3.31213 3.1264 1.04014
  122 12.15 7.3 3.71221 6.62492 4.26107
  123 12.25 7.26667 -1.5461 1.94369 -3.30074
  124 12.35 7.86667 4.06554 3.30696 -0.0985471
  125 12.45 6.63333 2.9675 2.9479 1.14369
  126 12.55 7.3 3.75978 1.9409 0.925004
  127 12.65 7.7 1.90858 -0.758304 1.39421
  128 12.75 8.96667 1.79962 2.11467 -2.06304
  129 12.85 8 1.16944 5.09748 4.54941
  130 12.95 7.16667 2.25482 3.90102 0.404932
  131 13.05 7.16667 -0.301183 0.338126 0.0716008
  132 13.15 7.23333 5.83774 2.49975 2.0139
  133 13.25 7 0.398399 -4.093 -0.834549
  134 13.35 7.86667 7.09141 2.79542 1.34732
  135 13.45 7.2 2.59295 1.46759 3.72419
  136 13.55 7.86667 -0.113487 3.01468 0.480749
  137 13.65 8.66667 4.60769 4.86235 0.4888
  138 13.75 8.1 -2.06226 0.438001 0.675135
  139 13.85 7.3 2.13098 -0.959926 3.05719
  140 13.95 7.7 -3.63932 -4.44993 0.961685
  141 14.05 7 3.20959 2.68014 5.74026
  142 14.15 6.73333 -0.526336 3.29296 -2.01712
  143 14.25 7.06667 5.30794 3.91594 2.31932
  144 14.35 7.56667 5.03769 3.58909 0.621652
  145 14.45 7.66667 4.45193 0.0254822 4.11069
  146 14.55 8.93333 2.25886 0.0921363 2.77356
  147 14.65 8.03333 0.737355 2.78167 3.40336
  148 14.75 6.83333 7.10949 6.56002 5.69812
  149 14.85 7.53333 -1.27188 -0.273174 0.961953
  150 14.95 7.16667 6.84399 5.86827 4.20844
  151 15.05 6.66667 1.51844 6.3671 2.64425
  152 15.15 7.06667 4.04285 2.71065 4.09189
  153 15.25 8.33333 3.48154 6.19573 -0.282485
  154 15.35 7.8 -0.850532 4.86964 -2.65117
  155 15.45 7.86667 1.26118 -1.90163 5.08061
  156 15.55 7.73333 0.681858 0.606395 1.93529
  157 15.65 7.3 -5.55717 4.18656 0.365309
  158 15.75 8 -2.60831 0.7082 3.06451
  159 15.85 6.93333 -0.808752 7.08678 4.56407
  160 15.95 6.16667 7.83945 7.54806 4.78068
  161 16.05 7.33333 1.18185 -0.126189 4.11391
  162 16.15 8.06667 -1.80319 1.92654 0.97775
  163 16.25 8.03333 0.213784 7.13828 3.94386
  164 16.35 8 5.46194 3.45528 4.97081
  165 16.45 7.33333 -1.10186 1.75761 0.533709
  166 16.55 7.6 3.39295 5.36545 3.14744
  167 16.65 7.4 3.26101 -0.946255 -0.72934
  168 16.75 6.9 4.40781 3.67792 5.40664
  169 16.85 7.96667 -0.424271 -1.16656 2.43857
  170 16.95 7.4 -4.74135 -3.30297 -0.121957
  171 17.05 8.03333 1.64476 -1.33229 3.83791
  172 17.15 6.9 -3.09586 5.42106 6.50327
  173 17.25 7.03333 1.55768 0.645747 -2.72019
  174 17.35 8.2 4.08825 9.13867 5.32149
  175 17.45 7.83333 -0.545734 -2.43238 0.826525
  176 17.55 7.26667 -1.22713 3.96974 0.767164
  177 17.65 8.86667 -0.687921 4.45224 0.0807849
  178 17.75 7.96667 2.97615 -1.96991 -2.32384
  179 17.85 7.2 -0.333761 5.76245 -0.170441
  180 17.95 6.96667 7.61208 7.19219 2.69433
  181 18.05 7.56667 -0.0856018 -2.63458 1.25519
  182 18.15 7.8 8.91066 3.91194 1.48276
  183 18.25 7.4 0.827281 -2.48858 -0.598912
  184 18.35 8.1 0.011666 0.181493 0.828847
  185 18.45 7.36667 0.540707 2.83676 -0.0546932
  186 18.55 8.2 0.989008 -4.8151 -6.46812
  187 18.65 7.5 0.109299 7.0044 4.62119
  188 18.75 7.93333 2.26589 5.10267 5.1475
  189 18.85 7.4 3.29203 3.5405 2.30858
  190 18.95 7.6 1.77888 -0.436233 1.34025
  191 19.05 7.4 0.659196 -2.71087 -3.48781
  192 19.15 7.3 -0.0165801 2.75606 6.0786
  193 19.25 7.1 -2.02493 2.16095 0.606202
  194 19.35 7 1.48045 -1.21637 2.56423
  195 19.45 7.8 3.0587 -0.00726481 4.19771
  196 19.55 7.3 3.12474 5.25502 4.87518
  197 19.65 8.36667 1.77176 -0.293032 6.203
  198 19.75 6.7 0.247759 3.24595 4.36783
  199 19.85 8.06667 -1.32458 -2.30299 1.3284
  200 19.95 7.53333 7.70003 3.06119 3.53582
  201 20.05 7.26667 3.78193 3.43168 4.97377
  202 20.15 7.53333 0.81323 -0.939732 1.69396
  203 20.25 7.53333 3.98574 7.41506 0.992338
  204 20.35 8 -5.26813 -1.38767 1.27487
  205 20.45 7.26667 -2.54297 2.51295 0.371547
  206 20.55 7.4 2.67104 7.60974 6.34124
  207 20.65 7.1 -1.2433 -1.53703 3.09014
  208 20.75 8.13333 -1.67352 1.45569 4.12489
  209 20.85 7.16667 0.833139 2.71418 -1.35547
  210 20.95 8.43333 1.48516 -1.76311 0.460946
  211 21.05 7.43333 0.40699 -5.14476 1.4931
  212 21.15 7.23333 -2.27329 0.689057 -3.42738
  213 21.25 7.8 1.5639 2.07081 0.776931
  214 21.35 7.36667 -1.25324 -0.586215 0.0567757
  215 21.45 7.66667 -2.54434 -2.1027 3.88702
  216 21.55 7.03333 -3.27945 3.17862 -0.747431
  217 21.65 8.26667 -3.13144 1.14163 -3.83008
  218 21.75 7.43333 -6.88944 -3.50784 0.66138
  219 21.85 7.7 1.32504 -1.26835 1.34043
  220 21.95 7.5 -0.303718 -0.972866 2.61219
  221 22.05 7.86667 -4.53385 1.56521 5.59421
  222 22.15 7.4 1.35075 -1.87504 0.340598
  223 22.25 7.66667 -3.13432 1.91595 -2.89785
  224 22.35 7.16667 0.538817 1.33502 -1.04907
  225 22.45 7.33333 -0.272224 7.0718 1.15099
  226 22.55 7.5 -0.18312 5.70618 -0.810004
  227 22.65 7.13333 2.70634 3.12651 1.43348
  228 22.75 7.33333 -2.51462 -1.14634 0.398584
  229 22.85 7.3 -0.696219 0.241344 -0.388782
  230 22.95 7.33333 -3.53193 -0.756907 2.43577
  231 23.05 7.56667 3.09293 1.27588 4.95672
  232 23.15 8.33333 -3.63017 1.91802 2.51679
  233 23.25 8.13333 -2.27422 6.91566 3.75181
  234 23.35 7.16667 -0.559182 2.83177 0.0668603
  235 23.45 8.03333 2.90368 1.43241 -0.646748
  236 23.55 6.76667 -1.66119 1.43521 -3.16855
  237 23.65 6.36667 1.32081 3.3147 -2.37461
  238 23.75 7.16667 3.01571 5.94625 2.29403
  239 23.85 6.7 6.89138 2.7991 2.76644
  240 23.95 7.43333 6.23773 2.46379 6.30279
  241 24.05 7.43333 3.22185 3.32163 -2.38394
  242 24.15 7.63333 3.11614 2.54909 2.30369
  243 24.25 9.03333 0.770552 2.40257 -2.03271
  244 24.35 6.66667 2.81637 -0.802586 0.470156
  245 24.45 6.93333 -0.995238 -1.74795 -2.65535
  246 24.55 6.1 2.90057 2.95466 3.3316
  247 24.65 6.26667 2.78655 3.00091 1.08352
  248 24.75 7.16667 0.00727303 3.85608 -1.22445
  249 24.85 6.66667 7.03641 4.16972 3.44559
  250 24.95 6.56667 4.10231 4.87331 4.63323
  251 25.05 6.73333 2.99482 5.33482 -0.0121099
  252 25.15 6.93333 6.36282 0.800199 0.576811
  253 25.25 6.16667 3.11381 4.02244 1.06506
  254 25.35 5.3 2.4054 2.04921 0.573256
  255 25.45 6.3 7.12855 4.09467 1.54105
  256 25.55 5.26667 1.70152 2.52789 -0.95374
  257 25.65 5.4 1.55969 2.00683 3.28625
  258 25.75 4.4 -0.801417 1.34294 1.98988
  259 25.85 5.3 0.861999 3.26137 1.29689
  260 25.95 4.56667 3.92242 2.57931 1.06561
  261 26.05 4.16667 1.28042 -0.698554 0.447709
  262 26.15 3.36667 0.960362 1.45197 -0.593685
  263 26.25 3.53333 2.98288 3.1857 2.10332
  264 26.35 3.13333 1.87783 3.75093 0.153378
  265 26.45 3.23333 2.05855 2.56423 -0.968203
  266 26.55 2.53333 2.28974 -0.329163 0.830173
  267 26.65 2.26667 0.445847 -1.35106 0.591675
  268 26.75 2.1 0.589856 1.29798 1.05467
  269 26.85 2.13333 0.380552 1.32919 1.67579
  270 26.95 1.56667 1.42514 -0.820293 0.868156
  271 27.05 1.33333 0.0447661 -1.1584 0.476105
  272 27.15 1.43333 0.716276 -0.122156 1.28954
  273 27.25 1.1 0.769613 0.50498 -0.813732
  274 27.35 0.766667 0.123457 -0.548533 0.0285937
  275 27.45 0.733333 -0.124752 -0.663899 0.146138
  276 27.55 0.7 0.0675867 -0.11882 0.516461
  277 27.65 0.666667 0.0925998 0.156619 -0.0920164
  278 27.75 0.6 -0.053141 -0.147536 0.369293
  279 27.85 0.5 -0.175634 -0.227133 0.241058
  280 27.95 0.4 -0.246818 -0.272352 0.331267
  281 28.05 0.433333 0.0121884 -0.150273 0.0517791
  282 28.15 0.333333 -0.289103 0.130303 0.115387
  283 28.25 0.4 -0.654842 -0.169846 0.0881272
  284 28.35 0.1 -0.0209327 0.0817585 0.00524022
  285 28.45 0.433333 -0.464141 -0.0152695 0.179721
  286 28.55 0.3 -0.425079 -0.161084 0.154769
  287 28.65 0.233333 -0.322921 -0.107339 -0.160061
  288 28.75 0.333333 -0.19289 -0.196535 0.0666405
  289 28.85 0.2 -0.0412348 -0.336838 -0.168353
  290 28.95 0.266667 -0.259281 -0.191387 -0.173049
  291 29.05 0.266667 -0.0184204 -0.355519 -0.00674916
  292 29.15 0.133333 0.0441811 -0.109716 0.0920061
  293 29.25 0.1 -0.0359014 -0.128275 0.00839397
  294 29.35 0.133333 -0.109113 -0.0143498 0.0695456
  295 29.45 0.166667 -0.276768 -0.0923464 -0.0575787
  296 29.55 0.1 -0.104776 -0.0306182 -0.00970293
  297 29.65 0.266667 -0.315279 -0.236108 -0.123104
  298 29.75 0.166667 -0.0904307 -0.061523 -0.0117723
  299 29.85 0.1 0.00735638 -0.115379 -0.0223533
  300 29.95 0.133333 0.01277 -0.071566 -0.100294
  301 30.05 0.133333 -0.116848 -0.0860441 -0.233079
  302 30.15 0.233333 -0.198792 -0.0226192 0.0163386
  303 30.25 0.166667 -0.0519848 -0.0181256 -0.106532
  304 30.35 0.1 -0.164373 -0.175252 -0.077934
  305 30.45 0.2 -0.1917 -0.0896559 -0.0158714
  306 30.55 0.0666667 -0.218198 -0.206655 -0.0805132
  307 30.65 0.166667 -0.0426307 -0.0523204 -0.205337
  308 30.75 0.2 -0.018171 -0.0593923 -0.099135
  309 30.85 0.166667 -0.525953 -0.0899004 -0.0622304
  310 30.95 0.166667 -0.0669327 -0.125006 -0.138792
  311 31.05 0.0666667 -0.00543174 -0.100045 -0.0323761
  312 31.15 0.1 -0.0677273 -0.104346 -0.186546
  313 31.25 0.133333 -0.0616782 -0.165449 -0.202932
  314 31.35 0.0333333 -0.0190845 -0.000658268 -0.0112503
  315 31.45 0.166667 -0.054015 0.050354 -0.169416
  316 31.55 0.266667 -0.483543 -0.371755 -0.0567151
  317 31.65 0.133333 -0.3393 -0.0140695 -0.0273866
  318 31.75 0.2 -0.123027 -0.0792485 -0.0634811
  319 31.85 0.0333333 0.00242782 -0.000343105 -0.104729
  320 31.95 0.133333 -0.132112 -0.184212 -0.253982
  321 32.05 0.2 -0.0970051 -0.0645539 -0.024413
  322 32.15 0.133333 -0.121165 -0.0777531 -0.182665
  323 32.25 0.166667 -0.063237 -0.0378488 -0.155345
  324 32.35 0.0666667 -0.106766 -0.0655656 -0.0750202
  325 32.45 0.0666667 -0.187749 -0.0118098 -0.0323167
  326 32.55 0.166667 -0.104275 -0.124677 -0.0705085
  327 32.65 0.1 -0.0562385 -0.212509 -0.0112678
  328 32.75 0.0333333 0.011567 -0.0540221 -0.0156387
  329 32.85 0.2 -0.207913 -0.0370076 -0.122066
  330 32.95 0.133333 -0.0674327 -0.0757169 -0.00616045
  331 33.05 0 0 0 0
  332 33.15 0.2 -0.197905 -0.132497 -0.152064
  333 33.25 0.0333333 -0.0126634 -0.027608 0.00335861
  334 33.35 0.1 0.00932946 -0.0743821 -0.0113873
  335 33.45 0.133333 -0.112784 -0.0324397 -0.0550244
  336 33.55 0.0666667 -0.107474 0.0395208 -0.0382379
  337 33.65 0.0666667 -0.0242321 -0.0223133 -0.0677337
  338 33.75 0.0333333 -0.0214253 -0.0220487 -0.0883007
  339 33.85 0.2 -0.150112 -0.000359287 -0.0862791
  340 33.95 0.133333 -0.0391701 -0.0949379 -0.122809
  341 34.05 0.133333 -0.0612787 -0.00860912 -0.129824
  342 34.15 0.133333 -0.0118248 -0.0154316 -0.0212133
  343 34.25 0.166667 -0.179482 -0.124921 -0.194523
  344 34.35 0.0666667 -0.0941804 0.0100642 -0.125957
  345 34.45 0.133333 -0.0322523 -0.103696 -0.0400794
  346 34.55 0.0666667 -0.0526306 -0.00396296 -0.00920269
  347 34.65 0.166667 -0.0927611 -0.306145 -0.0501707
  348 34.75 0.2 -0.173125 -0.0928062 -0.182755
  349 34.85 0.166667 -0.0445511 -0.0790286 -0.0259904
  350 34.95 0.333333 -0.4376 -0.116636 -0.128417
  351 35.05 0.0666667 -0.0622382 -0.0178148 -0.0360489
  352 35.15 0.1 -0.0346969 -0.0272839 -0.04766
  353 35.25 0.0666667 -0.124314 -0.0894562 -0.0132537
  354 35.35 0.0333333 -0.0563994 0.00180953 0.000180903
  355 35.45 0.133333 -0.194728 -0.118376 -0.137226
  356 35.55 0.133333 -0.0588708 -0.0368519 -0.0660288
  357 35.65 0.2 -0.180582 -0.0752016 -0.277334
  358 35.75 0.2 -0.223755 -0.112036 -0.0835637
  359 35.85 0.0333333 -0.00636483 -0.0133754 -0.0764377
  360 35.95 0.133333 -0.0561649 0.0140142 -0.08763
