# Chunk-averaged data for fix f2 and group all
# Timestep Number-of-chunks Total-count
# Chunk Coord1 Ncount c_sa[1] c_sa[2] c_sa[3]
0 396 2000
  1 0.03 8 1.75049 1.75049 1.44955
  2 0.09 7 1.5291 1.5291 1.2742
  3 0.15 7 1.52653 1.52653 1.27958
  4 0.21 8 1.74124 1.74124 1.46885
  5 0.27 7 1.52046 1.52046 1.29079
  6 0.33 7 1.51738 1.51738 1.29586
  7 0.39 7 1.51412 1.51412 1.30079
  8 0.45 7 1.51071 1.51071 1.30557
  9 0.51 7 1.50713 1.50713 1.31021
  10 0.57 7 1.50339 1.50339 1.31469
  11 0.63 7 1.49948 1.49948 1.31898
  12 0.69 7 1.49541 1.49541 1.32307
  13 0.75 7 1.49118 1.49118 1.32695
  14 0.81 7 1.48679 1.48679 1.33061
  15 0.87 6 1.27078 1.27078 1.14327
  16 0.93 7 1.47822 1.47822 1.33678
  17 0.99 6 1.2632 1.2632 1.14818
  18 1.05 7 1.46912 1.46912 1.34208
  19 1.11 7 1.464 1.464 1.34454
  20 1.17 6 1.25068 1.25068 1.1542
  21 1.23 6 1.24673 1.24673 1.15561
  22 1.29 7 1.44942 1.44942 1.34975
  23 1.35 6 1.23789 1.23789 1.15802
  24 1.41 6 1.23368 1.23368 1.15881
  25 1.47 7 1.43387 1.43387 1.3527
  26 1.53 6 1.22431 1.22431 1.15987
  27 1.59 6 1.21987 1.21987 1.16004
  28 1.65 7 1.41748 1.41748 1.35331
  29 1.71 6 1.21003 1.21003 1.15969
  30 1.77 6 1.2054 1.2054 1.15922
  31 1.83 6 1.20071 1.20071 1.15855
  32 1.89 6 1.19597 1.19597 1.15767
  33 1.95 6 1.19119 1.19119 1.15661
  34 2.01 6 1.18636 1.18636 1.15535
  35 2.07 6 1.18149 1.18149 1.15391
  36 2.13 7 1.37221 1.37221 1.34414
  37 2.19 6 1.17084 1.17084 1.15013
  38 2.25 6 1.16587 1.16587 1.14812
  39 2.31 6 1.16088 1.16088 1.14594
  40 2.37 6 1.15587 1.15587 1.14359
  41 2.43 6 1.15084 1.15084 1.14109
  42 2.49 6 1.1458 1.1458 1.13844
  43 2.55 6 1.14075 1.14075 1.13565
  44 2.61 6 1.13569 1.13569 1.13273
  45 2.67 6 1.13062 1.13062 1.12968
  46 2.73 6 1.12555 1.12555 1.1265
  47 2.79 6 1.12048 1.12048 1.12322
  48 2.85 6 1.11541 1.11541 1.11983
  49 2.91 6 1.11035 1.11035 1.11634
  50 2.97 6 1.10529 1.10529 1.11275
  51 3.03 5 0.917217 0.917217 0.924499
  52 3.09 6 1.09604 1.09604 1.10597
  53 3.15 6 1.091 1.091 1.10217
  54 3.21 6 1.08598 1.08598 1.0983
  55 3.27 6 1.08097 1.08097 1.09439
  56 3.33 6 1.07598 1.07598 1.09043
  57 3.39 6 1.071 1.071 1.08642
  58 3.45 6 1.06603 1.06603 1.08237
  59 3.51 6 1.06108 1.06108 1.07829
  60 3.57 5 0.880469 0.880469 0.895448
  61 3.63 6 1.05205 1.05205 1.07077
  62 3.69 6 1.04715 1.04715 1.06663
  63 3.75 6 1.04227 1.04227 1.0625
  64 3.81 6 1.0374 1.0374 1.05836
  65 3.87 5 0.860795 0.860795 0.878811
  66 3.93 6 1.02852 1.02852 1.05079
  67 3.99 6 1.0237 1.0237 1.04667
  68 4.05 5 0.849414 0.849414 0.869093
  69 4.11 6 1.01491 1.01491 1.03916
  70 4.17 6 1.01013 1.01013 1.03509
  71 4.23 5 0.838137 0.838137 0.859483
  72 4.29 6 1.00141 1.00141 1.02771
  73 4.35 5 0.83089 0.83089 0.853387
  74 4.41 6 0.992736 0.992736 1.02045
  75 4.47 5 0.823678 0.823678 0.847377
  76 4.53 6 0.984099 0.984099 1.01329
  77 4.59 5 0.816494 0.816494 0.841471
  78 4.65 5 0.813237 0.813237 0.838821
  79 4.71 6 0.971592 0.971592 1.00313
  80 4.77 5 0.806088 0.806088 0.833102
  81 4.83 5 0.802843 0.802843 0.830542
  82 4.89 6 0.959134 0.959134 0.9933
  83 4.95 5 0.795715 0.795715 0.824988
  84 5.01 5 0.792478 0.792478 0.822511
  85 5.07 5 0.789241 0.789241 0.820064
  86 5.13 5 0.786005 0.786005 0.817642
  87 5.19 5 0.782769 0.782769 0.81525
  88 5.25 5 0.779533 0.779533 0.812879
  89 5.31 5 0.776295 0.776295 0.810525
  90 5.37 5 0.773056 0.773056 0.808192
  91 5.43 5 0.769814 0.769814 0.805888
  92 5.49 4 0.613516 0.613516 0.643069
  93 5.55 5 0.763974 0.763974 0.801804
  94 5.61 5 0.760726 0.760726 0.799563
  95 5.67 5 0.757474 0.757474 0.797334
  96 5.73 4 0.603637 0.603637 0.636268
  97 5.79 5 0.751614 0.751614 0.793348
  98 5.85 5 0.748353 0.748353 0.791154
  99 5.91 4 0.596333 0.596333 0.631354
  100 5.97 5 0.742477 0.742477 0.787237
  101 6.03 4 0.591629 0.591629 0.628226
  102 6.09 4 0.589535 0.589535 0.626836
  103 6.15 5 0.733975 0.733975 0.781587
  104 6.21 4 0.584824 0.584824 0.6237
  105 6.27 5 0.728085 0.728085 0.777659
  106 6.33 4 0.580111 0.580111 0.620552
  107 6.39 4 0.578018 0.578018 0.619149
  108 6.45 4 0.575926 0.575926 0.617741
  109 6.51 5 0.716968 0.716968 0.770188
  110 6.57 4 0.571226 0.571226 0.61455
  111 6.63 4 0.569141 0.569141 0.613118
  112 6.69 4 0.567062 0.567062 0.611671
  113 6.75 4 0.564987 0.564987 0.610213
  114 6.81 4 0.562916 0.562916 0.608744
  115 6.87 4 0.560853 0.560853 0.607261
  116 6.93 4 0.558797 0.558797 0.605763
  117 6.99 5 0.695617 0.695617 0.755073
  118 7.05 4 0.554202 0.554202 0.602331
  119 7.11 4 0.552175 0.552175 0.600778
  120 7.17 4 0.550161 0.550161 0.599211
  121 7.23 4 0.548159 0.548159 0.597631
  122 7.29 3 0.409813 0.409813 0.447179
  123 7.35 4 0.544688 0.544688 0.594832
  124 7.41 4 0.542726 0.542726 0.593205
  125 7.47 4 0.540779 0.540779 0.591558
  126 7.53 4 0.538849 0.538849 0.589889
  127 7.59 4 0.536938 0.536938 0.5882
  128 7.65 4 0.535047 0.535047 0.586497
  129 7.71 4 0.533175 0.533175 0.584783
  130 7.77 4 0.531324 0.531324 0.583057
  131 7.83 4 0.529494 0.529494 0.581315
  132 7.89 4 0.527688 0.527688 0.579554
  133 7.95 4 0.525905 0.525905 0.577778
  134 8.01 4 0.524145 0.524145 0.575989
  135 8.07 3 0.391968 0.391968 0.430811
  136 8.13 4 0.521126 0.521126 0.572839
  137 8.19 4 0.519435 0.519435 0.571025
  138 8.25 4 0.51777 0.51777 0.569196
  139 8.31 4 0.516131 0.516131 0.567359
  140 8.37 4 0.51452 0.51452 0.565512
  141 8.43 4 0.512936 0.512936 0.563662
  142 8.49 4 0.511378 0.511378 0.561806
  143 8.55 4 0.509848 0.509848 0.559947
  144 8.61 4 0.508345 0.508345 0.558084
  145 8.67 3 0.38029 0.38029 0.417338
  146 8.73 4 0.505782 0.505782 0.554814
  147 8.79 4 0.504355 0.504355 0.552945
  148 8.85 4 0.502956 0.502956 0.551076
  149 8.91 4 0.501584 0.501584 0.54921
  150 8.97 4 0.500238 0.500238 0.547345
  151 9.03 4 0.49892 0.49892 0.545484
  152 9.09 4 0.497628 0.497628 0.543626
  153 9.15 4 0.496363 0.496363 0.541771
  154 9.21 4 0.495123 0.495123 0.539917
  155 9.27 4 0.493909 0.493909 0.538071
  156 9.33 3 0.36965 0.36965 0.402348
  157 9.39 4 0.491845 0.491845 0.534865
  158 9.45 4 0.490698 0.490698 0.533045
  159 9.51 4 0.489576 0.489576 0.531229
  160 9.57 4 0.488477 0.488477 0.529423
  161 9.63 4 0.487401 0.487401 0.527628
  162 9.69 4 0.486346 0.486346 0.525844
  163 9.75 4 0.485313 0.485313 0.524077
  164 9.81 4 0.484301 0.484301 0.522324
  165 9.87 3 0.362574 0.362574 0.390598
  166 9.93 4 0.482577 0.482577 0.519274
  167 9.99 4 0.481619 0.481619 0.517546
  168 10.05 4 0.480678 0.480678 0.515837
  169 10.11 4 0.479755 0.479755 0.514149
  170 10.17 4 0.478849 0.478849 0.512476
  171 10.23 3 0.358551 0.358551 0.383268
  172 10.29 4 0.477301 0.477301 0.509586
  173 10.35 4 0.476436 0.476436 0.507959
  174 10.41 4 0.475585 0.475585 0.506351
  175 10.47 4 0.474747 0.474747 0.504768
  176 10.53 3 0.355518 0.355518 0.377549
  177 10.59 4 0.473309 0.473309 0.502046
  178 10.65 4 0.472502 0.472502 0.50052
  179 10.71 4 0.471705 0.471705 0.49902
  180 10.77 3 0.353261 0.353261 0.373295
  181 10.83 4 0.470331 0.470331 0.49646
  182 10.89 4 0.469556 0.469556 0.495037
  183 10.95 3 0.351663 0.351663 0.370359
  184 11.01 4 0.468217 0.468217 0.492616
  185 11.07 4 0.46746 0.46746 0.491279
  186 11.13 3 0.350101 0.350101 0.367603
  187 11.19 4 0.466146 0.466146 0.489029
  188 11.25 4 0.465401 0.465401 0.487789
  189 11.31 3 0.348563 0.348563 0.365052
  190 11.37 4 0.464104 0.464104 0.485719
  191 11.43 3 0.347594 0.347594 0.363556
  192 11.49 4 0.462815 0.462815 0.483799
  193 11.55 4 0.46208 0.46208 0.482768
  194 11.61 3 0.346079 0.346079 0.36143
  195 11.67 4 0.460798 0.460798 0.481085
  196 11.73 3 0.345119 0.345119 0.360228
  197 11.79 4 0.459521 0.459521 0.479577
  198 11.85 4 0.458792 0.458792 0.478809
  199 11.91 3 0.343617 0.343617 0.358642
  200 11.97 4 0.457521 0.457521 0.477619
  201 12.03 3 0.342665 0.342665 0.357822
  202 12.09 4 0.456256 0.456256 0.476632
  203 12.15 3 0.341719 0.341719 0.35717
  204 12.21 4 0.454999 0.454999 0.47589
  205 12.27 3 0.34078 0.34078 0.356713
  206 12.33 4 0.453753 0.453753 0.475415
  207 12.39 3 0.339852 0.339852 0.356454
  208 12.45 4 0.452524 0.452524 0.475194
  209 12.51 4 0.45183 0.45183 0.475193
  210 12.57 3 0.338423 0.338423 0.356458
  211 12.63 4 0.450637 0.450637 0.475449
  212 12.69 3 0.337539 0.337539 0.35677
  213 12.75 4 0.449476 0.449476 0.476022
  214 12.81 3 0.336682 0.336682 0.35732
  215 12.87 4 0.448354 0.448354 0.476915
  216 12.93 4 0.447734 0.447734 0.477573
  217 12.99 3 0.335403 0.335403 0.358686
  218 13.05 4 0.446691 0.446691 0.479023
  219 13.11 3 0.334644 0.334644 0.359917
  220 13.17 4 0.44571 0.44571 0.480847
  221 13.23 3 0.333934 0.333934 0.361417
  222 13.29 4 0.444801 0.444801 0.483029
  223 13.35 4 0.444318 0.444318 0.48445
  224 13.41 3 0.332939 0.332939 0.36435
  225 13.47 4 0.443545 0.443545 0.487263
  226 13.53 3 0.332396 0.332396 0.366616
  227 13.59 4 0.442872 0.442872 0.490487
  228 13.65 4 0.442538 0.442538 0.492505
  229 13.71 3 0.331708 0.331708 0.370784
  230 13.77 4 0.442049 0.442049 0.496358
  231 13.83 3 0.331389 0.331389 0.37383
  232 13.89 4 0.441693 0.441693 0.500641
  233 13.95 4 0.441556 0.441556 0.503281
  234 14.01 3 0.331108 0.331108 0.379277
  235 14.07 4 0.441441 0.441441 0.508236
  236 14.13 3 0.331084 0.331084 0.383153
  237 14.19 4 0.441497 0.441497 0.513625
  238 14.25 3 0.331195 0.331195 0.387358
  239 14.31 4 0.441741 0.441741 0.519448
  240 14.37 4 0.441973 0.441973 0.522973
  241 14.43 3 0.331674 0.331674 0.39463
  242 14.49 4 0.44255 0.44255 0.529477
  243 14.55 3 0.332194 0.332194 0.399662
  244 14.61 4 0.443365 0.443365 0.536401
  245 14.67 3 0.332901 0.332901 0.405017
  246 14.73 4 0.444439 0.444439 0.54375
  247 14.79 3 0.333809 0.333809 0.410687
  248 14.85 3 0.334265 0.334265 0.41322
  249 14.91 4 0.446471 0.446471 0.555001
  250 14.97 3 0.335497 0.335497 0.419349
  251 15.03 3 0.336099 0.336099 0.42206
  252 15.09 4 0.449154 0.449154 0.567056
  253 15.15 3 0.337697 0.337697 0.42859
  254 15.21 3 0.338465 0.338465 0.431469
  255 15.27 4 0.452577 0.452577 0.579866
  256 15.33 3 0.340473 0.340473 0.438391
  257 15.39 3 0.341431 0.341431 0.441435
  258 15.45 3 0.342448 0.342448 0.444512
  259 15.51 3 0.343528 0.343528 0.447627
  260 15.57 4 0.459832 0.459832 0.601745
  261 15.63 3 0.346308 0.346308 0.455035
  262 15.69 3 0.347614 0.347614 0.458261
  263 15.75 3 0.348991 0.348991 0.461509
  264 15.81 3 0.350445 0.350445 0.464777
  265 15.87 3 0.351976 0.351976 0.468058
  266 15.93 3 0.353585 0.353585 0.471345
  267 15.99 3 0.355274 0.355274 0.474637
  268 16.05 3 0.357047 0.357047 0.477927
  269 16.11 3 0.358905 0.358905 0.481205
  270 16.17 3 0.360848 0.360848 0.484462
  271 16.23 2 0.241686 0.241686 0.324771
  272 16.29 3 0.364279 0.364279 0.48983
  273 16.35 3 0.366456 0.366456 0.493003
  274 16.41 3 0.368719 0.368719 0.496127
  275 16.47 3 0.371071 0.371071 0.499192
  276 16.53 2 0.248731 0.248731 0.334464
  277 16.59 3 0.375186 0.375186 0.504144
  278 16.65 3 0.377766 0.377766 0.507009
  279 16.71 3 0.380429 0.380429 0.50978
  280 16.77 3 0.383171 0.383171 0.512448
  281 16.83 2 0.25701 0.25701 0.343059
  282 16.89 3 0.387907 0.387907 0.516646
  283 16.95 3 0.390841 0.390841 0.519004
  284 17.01 3 0.393837 0.393837 0.521229
  285 17.07 2 0.264254 0.264254 0.348651
  286 17.13 3 0.398956 0.398956 0.524622
  287 17.19 3 0.402091 0.402091 0.526465
  288 17.25 3 0.405267 0.405267 0.528164
  289 17.31 3 0.408478 0.408478 0.529715
  290 17.37 3 0.411715 0.411715 0.531115
  291 17.43 2 0.276283 0.276283 0.35478
  292 17.49 3 0.41715 0.41715 0.533105
  293 17.55 3 0.420429 0.420429 0.534098
  294 17.61 3 0.423707 0.423707 0.534953
  295 17.67 4 0.570042 0.570042 0.71436
  296 17.73 3 0.431344 0.431344 0.536415
  297 17.79 3 0.434599 0.434599 0.536817
  298 17.85 3 0.437835 0.437835 0.537097
  299 17.91 3 0.441046 0.441046 0.537261
  300 17.97 4 0.593018 0.593018 0.716408
  301 18.03 3 0.448444 0.448444 0.537217
  302 18.09 4 0.60277 0.60277 0.715995
  303 18.15 3 0.455666 0.455666 0.53666
  304 18.21 4 0.612276 0.612276 0.714938
  305 18.27 4 0.617589 0.617589 0.714081
  306 18.33 3 0.466624 0.466624 0.534902
  307 18.39 4 0.626665 0.626665 0.712213
  308 18.45 4 0.631724 0.631724 0.710958
  309 18.51 4 0.63669 0.63669 0.709582
  310 18.57 5 0.802699 0.802699 0.884897
  311 18.63 4 0.647515 0.647515 0.706148
  312 18.69 4 0.652176 0.652176 0.70449
  313 18.75 5 0.821638 0.821638 0.878173
  314 18.81 4 0.662334 0.662334 0.700522
  315 18.87 5 0.834054 0.834054 0.873061
  316 18.93 5 0.840718 0.840718 0.870114
  317 18.99 5 0.847221 0.847221 0.867111
  318 19.05 5 0.853566 0.853566 0.86407
  319 19.11 5 0.859759 0.859759 0.860999
  320 19.17 6 1.03968 1.03968 1.02912
  321 19.23 5 0.872877 0.872877 0.854201
  322 19.29 6 1.05502 1.05502 1.02097
  323 19.35 5 0.885334 0.885334 0.847445
  324 19.41 6 1.06959 1.06959 1.01293
  325 19.47 6 1.07724 1.07724 1.0086
  326 19.53 6 1.08469 1.08469 1.00433
  327 19.59 6 1.09194 1.09194 1.00013
  328 19.65 7 1.28285 1.28285 1.16161
  329 19.71 6 1.10702 1.10702 0.991302
  330 19.77 7 1.29997 1.29997 1.15156
  331 19.83 6 1.1213 1.1213 0.982922
  332 19.89 7 1.31618 1.31618 1.14206
  333 19.95 7 1.32456 1.32456 1.13718
  334 20.01 7 1.3327 1.3327 1.13247
  335 20.07 7 1.34063 1.34063 1.12793
  336 20.13 7 1.34834 1.34834 1.12359
  337 20.19 8 1.55012 1.55012 1.27903
  338 20.25 7 1.36416 1.36416 1.11493
  339 20.31 8 1.5677 1.5677 1.26963
  340 20.37 8 1.57666 1.57666 1.26503
  341 20.43 7 1.38672 1.38672 1.10336
  342 20.49 8 1.59275 1.59275 1.25719
  343 20.55 8 1.60097 1.60097 1.25344
  344 20.61 8 1.60895 1.60895 1.24999
  345 20.67 9 1.8193 1.8193 1.40247
  346 20.73 8 1.62511 1.62511 1.24362
  347 20.79 8 1.63237 1.63237 1.24107
  348 20.85 9 1.84482 1.84482 1.39353
  349 20.91 8 1.64707 1.64707 1.23663
  350 20.97 9 1.86082 1.86082 1.38928
  351 21.03 8 1.66084 1.66084 1.23352
  352 21.09 9 1.87581 1.87581 1.38652
  353 21.15 9 1.88333 1.88333 1.38564
  354 21.21 9 1.89059 1.89059 1.38516
  355 21.27 8 1.68641 1.68641 1.23115
  356 21.33 9 1.90359 1.90359 1.3853
  357 21.39 9 1.91008 1.91008 1.38597
  358 21.45 9 1.91633 1.91633 1.38702
  359 21.51 9 1.92233 1.92233 1.38846
  360 21.57 9 1.92808 1.92808 1.39027
  361 21.63 9 1.93357 1.93357 1.39245
  362 21.69 9 1.93883 1.93883 1.395
  363 21.75 9 1.94385 1.94385 1.39791
  364 21.81 9 1.94861 1.94861 1.40119
  365 21.87 9 1.95313 1.95313 1.40484
  366 21.93 9 1.95742 1.95742 1.40882
  367 21.99 9 1.96147 1.96147 1.41314
  368 22.05 10 2.18386 2.18386 1.57563
  369 22.11 9 1.96921 1.96921 1.42335
  370 22.17 9 1.9725 1.9725 1.42869
  371 22.23 8 1.75591 1.75591 1.27468
  372 22.29 9 1.97806 1.97806 1.43962
  373 22.35 9 1.98064 1.98064 1.44585
  374 22.41 9 1.98298 1.98298 1.45237
  375 22.47 9 1.98507 1.98507 1.45917
  376 22.53 9 1.9869 1.9869 1.46624
  377 22.59 9 1.98847 1.98847 1.47356
  378 22.65 8 1.76864 1.76864 1.31618
  379 22.71 9 1.99074 1.99074 1.48806
  380 22.77 9 1.99156 1.99156 1.49606
  381 22.83 8 1.77074 1.77074 1.33673
  382 22.89 9 1.99237 1.99237 1.51176
  383 22.95 8 1.77104 1.77104 1.35099
  384 23.01 8 1.77086 1.77086 1.35787
  385 23.07 9 1.99176 1.99176 1.53597
  386 23.13 8 1.76982 1.76982 1.37285
  387 23.19 8 1.76902 1.76902 1.38003
  388 23.25 8 1.76801 1.76801 1.38728
  389 23.31 8 1.76678 1.76678 1.39457
  390 23.37 8 1.76533 1.76533 1.40192
  391 23.43 8 1.76367 1.76367 1.40929
  392 23.49 8 1.76179 1.76179 1.41668
  393 23.55 8 1.75968 1.75968 1.42406
  394 23.61 7 1.53781 1.53781 1.25209
  395 23.67 8 1.75511 1.75511 1.43782
  396 23.73 5 1.09555 1.09555 0.902321
