# Chunk-averaged data for fix f2 and group all
# Timestep Number-of-chunks Total-count
# Chunk Coord1 Ncount c_sa[1] c_sa[2] c_sa[3]
0 396 2000
  1 0.03 8 1.75051 1.75051 1.44927
  2 0.09 7 1.52911 1.52911 1.27395
  3 0.15 7 1.52654 1.52654 1.27933
  4 0.21 8 1.74125 1.74125 1.46855
  5 0.27 7 1.52047 1.52047 1.29054
  6 0.33 7 1.51738 1.51738 1.29559
  7 0.39 7 1.51413 1.51413 1.30053
  8 0.45 7 1.51072 1.51072 1.30532
  9 0.51 7 1.50714 1.50714 1.30995
  10 0.57 7 1.50339 1.50339 1.31442
  11 0.63 7 1.49949 1.49949 1.31871
  12 0.69 7 1.49542 1.49542 1.3228
  13 0.75 7 1.49118 1.49118 1.32668
  14 0.81 7 1.48679 1.48679 1.33034
  15 0.87 6 1.27078 1.27078 1.14303
  16 0.93 7 1.47822 1.47822 1.33651
  17 0.99 6 1.2632 1.2632 1.14795
  18 1.05 7 1.46912 1.46912 1.3418
  19 1.11 7 1.464 1.464 1.34426
  20 1.17 6 1.25068 1.25068 1.15396
  21 1.23 6 1.24673 1.24673 1.15537
  22 1.29 7 1.44942 1.44942 1.34946
  23 1.35 6 1.23789 1.23789 1.15777
  24 1.41 6 1.23368 1.23368 1.15857
  25 1.47 7 1.43387 1.43387 1.35241
  26 1.53 6 1.2243 1.2243 1.15962
  27 1.59 6 1.21986 1.21986 1.15978
  28 1.65 7 1.41748 1.41748 1.35301
  29 1.71 6 1.21003 1.21003 1.15944
  30 1.77 6 1.20539 1.20539 1.15897
  31 1.83 6 1.2007 1.2007 1.15829
  32 1.89 6 1.19597 1.19597 1.15742
  33 1.95 6 1.19118 1.19118 1.15635
  34 2.01 6 1.18635 1.18635 1.15509
  35 2.07 6 1.18149 1.18149 1.15364
  36 2.13 7 1.37221 1.37221 1.34383
  37 2.19 6 1.17083 1.17083 1.14987
  38 2.25 6 1.16586 1.16586 1.14785
  39 2.31 6 1.16087 1.16087 1.14567
  40 2.37 6 1.15586 1.15586 1.14333
  41 2.43 6 1.15084 1.15084 1.14082
  42 2.49 6 1.1458 1.1458 1.13818
  43 2.55 6 1.14074 1.14074 1.13538
  44 2.61 6 1.13568 1.13568 1.13246
  45 2.67 6 1.13062 1.13062 1.1294
  46 2.73 6 1.12555 1.12555 1.12623
  47 2.79 6 1.12048 1.12048 1.12294
  48 2.85 6 1.11541 1.11541 1.11955
  49 2.91 6 1.11034 1.11034 1.11606
  50 2.97 6 1.10529 1.10529 1.11248
  51 3.03 5 0.917213 0.917213 0.924268
  52 3.09 6 1.09603 1.09603 1.1057
  53 3.15 6 1.091 1.091 1.1019
  54 3.21 6 1.08598 1.08598 1.09804
  55 3.27 6 1.08097 1.08097 1.09412
  56 3.33 6 1.07598 1.07598 1.09015
  57 3.39 6 1.07099 1.07099 1.08614
  58 3.45 6 1.06603 1.06603 1.0821
  59 3.51 6 1.06108 1.06108 1.07802
  60 3.57 5 0.880466 0.880466 0.895221
  61 3.63 6 1.05205 1.05205 1.07049
  62 3.69 6 1.04715 1.04715 1.06636
  63 3.75 6 1.04227 1.04227 1.06223
  64 3.81 6 1.0374 1.0374 1.05809
  65 3.87 5 0.860793 0.860793 0.878585
  66 3.93 6 1.02852 1.02852 1.05052
  67 3.99 6 1.0237 1.0237 1.0464
  68 4.05 5 0.849413 0.849413 0.868868
  69 4.11 6 1.0149 1.0149 1.0389
  70 4.17 6 1.01013 1.01013 1.03483
  71 4.23 5 0.838136 0.838136 0.859278
  72 4.29 6 1.00141 1.00141 1.02746
  73 4.35 5 0.830889 0.830889 0.853172
  74 4.41 6 0.992735 0.992735 1.02019
  75 4.47 5 0.823676 0.823676 0.847163
  76 4.53 6 0.984098 0.984098 1.01304
  77 4.59 5 0.816493 0.816493 0.841263
  78 4.65 5 0.813236 0.813236 0.838622
  79 4.71 6 0.971591 0.971591 1.00289
  80 4.77 5 0.806087 0.806087 0.832897
  81 4.83 5 0.802842 0.802842 0.830336
  82 4.89 6 0.959132 0.959132 0.993061
  83 4.95 5 0.795714 0.795714 0.824798
  84 5.01 5 0.792476 0.792476 0.822322
  85 5.07 5 0.78924 0.78924 0.819874
  86 5.13 5 0.786004 0.786004 0.817452
  87 5.19 5 0.782768 0.782768 0.815056
  88 5.25 5 0.779531 0.779531 0.812684
  89 5.31 5 0.776293 0.776293 0.810338
  90 5.37 5 0.773054 0.773054 0.808014
  91 5.43 5 0.769812 0.769812 0.805713
  92 5.49 4 0.613515 0.613515 0.642929
  93 5.55 5 0.763972 0.763972 0.801624
  94 5.61 5 0.760723 0.760723 0.799379
  95 5.67 5 0.757472 0.757472 0.79715
  96 5.73 4 0.603634 0.603634 0.636125
  97 5.79 5 0.751611 0.751611 0.793175
  98 5.85 5 0.74835 0.74835 0.790984
  99 5.91 4 0.596331 0.596331 0.631215
  100 5.97 5 0.742474 0.742474 0.787059
  101 6.03 4 0.591626 0.591626 0.628084
  102 6.09 4 0.589533 0.589533 0.626693
  103 6.15 5 0.733972 0.733972 0.781415
  104 6.21 4 0.584821 0.584821 0.623569
  105 6.27 5 0.728081 0.728081 0.7775
  106 6.33 4 0.580108 0.580108 0.62043
  107 6.39 4 0.578015 0.578015 0.619027
  108 6.45 4 0.575923 0.575923 0.61762
  109 6.51 5 0.716964 0.716964 0.770032
  110 6.57 4 0.571222 0.571222 0.614424
  111 6.63 4 0.569138 0.569138 0.612988
  112 6.69 4 0.567058 0.567058 0.611541
  113 6.75 4 0.564982 0.564982 0.610086
  114 6.81 4 0.562913 0.562913 0.608613
  115 6.87 4 0.560849 0.560849 0.60713
  116 6.93 4 0.558793 0.558793 0.605633
  117 6.99 5 0.695612 0.695612 0.754911
  118 7.05 4 0.554198 0.554198 0.602208
  119 7.11 4 0.552171 0.552171 0.600657
  120 7.17 4 0.550157 0.550157 0.599091
  121 7.23 4 0.548155 0.548155 0.597511
  122 7.29 3 0.40981 0.40981 0.447083
  123 7.35 4 0.544684 0.544684 0.594698
  124 7.41 4 0.542721 0.542721 0.593071
  125 7.47 4 0.540774 0.540774 0.591421
  126 7.53 4 0.538845 0.538845 0.589755
  127 7.59 4 0.536934 0.536934 0.588075
  128 7.65 4 0.535042 0.535042 0.586374
  129 7.71 4 0.53317 0.53317 0.58466
  130 7.77 4 0.531319 0.531319 0.582932
  131 7.83 4 0.52949 0.52949 0.581184
  132 7.89 4 0.527683 0.527683 0.579424
  133 7.95 4 0.5259 0.5259 0.577652
  134 8.01 4 0.52414 0.52414 0.575863
  135 8.07 3 0.391965 0.391965 0.430717
  136 8.13 4 0.521121 0.521121 0.57271
  137 8.19 4 0.51943 0.51943 0.570889
  138 8.25 4 0.517766 0.517766 0.569062
  139 8.31 4 0.516127 0.516127 0.567228
  140 8.37 4 0.514516 0.514516 0.565382
  141 8.43 4 0.512931 0.512931 0.563533
  142 8.49 4 0.511374 0.511374 0.561678
  143 8.55 4 0.509844 0.509844 0.559816
  144 8.61 4 0.508342 0.508342 0.557954
  145 8.67 3 0.380287 0.380287 0.41724
  146 8.73 4 0.505778 0.505778 0.554684
  147 8.79 4 0.504352 0.504352 0.552819
  148 8.85 4 0.502952 0.502952 0.550949
  149 8.91 4 0.50158 0.50158 0.54908
  150 8.97 4 0.500235 0.500235 0.547217
  151 9.03 4 0.498917 0.498917 0.545353
  152 9.09 4 0.497625 0.497625 0.543493
  153 9.15 4 0.49636 0.49636 0.541642
  154 9.21 4 0.49512 0.49512 0.53979
  155 9.27 4 0.493906 0.493906 0.537946
  156 9.33 3 0.369648 0.369648 0.402256
  157 9.39 4 0.491842 0.491842 0.53474
  158 9.45 4 0.490696 0.490696 0.532916
  159 9.51 4 0.489573 0.489573 0.531104
  160 9.57 4 0.488474 0.488474 0.529302
  161 9.63 4 0.487398 0.487398 0.527506
  162 9.69 4 0.486344 0.486344 0.525724
  163 9.75 4 0.485311 0.485311 0.523956
  164 9.81 4 0.484299 0.484299 0.522195
  165 9.87 3 0.362572 0.362572 0.390499
  166 9.93 4 0.482576 0.482576 0.51915
  167 9.99 4 0.481617 0.481617 0.51743
  168 10.05 4 0.480677 0.480677 0.515722
  169 10.11 4 0.479754 0.479754 0.514032
  170 10.17 4 0.478848 0.478848 0.512358
  171 10.23 3 0.358551 0.358551 0.383183
  172 10.29 4 0.477299 0.477299 0.50947
  173 10.35 4 0.476435 0.476435 0.507846
  174 10.41 4 0.475584 0.475584 0.50624
  175 10.47 4 0.474746 0.474746 0.504659
  176 10.53 3 0.355517 0.355517 0.377464
  177 10.59 4 0.473308 0.473308 0.501935
  178 10.65 4 0.472501 0.472501 0.500412
  179 10.71 4 0.471704 0.471704 0.498917
  180 10.77 3 0.35326 0.35326 0.373218
  181 10.83 4 0.47033 0.47033 0.496354
  182 10.89 4 0.469556 0.469556 0.494935
  183 10.95 3 0.351663 0.351663 0.370283
  184 11.01 4 0.468217 0.468217 0.492513
  185 11.07 4 0.46746 0.46746 0.49118
  186 11.13 3 0.350101 0.350101 0.367529
  187 11.19 4 0.466146 0.466146 0.488924
  188 11.25 4 0.465401 0.465401 0.487692
  189 11.31 3 0.348564 0.348564 0.364982
  190 11.37 4 0.464104 0.464104 0.485628
  191 11.43 3 0.347594 0.347594 0.363488
  192 11.49 4 0.462815 0.462815 0.483703
  193 11.55 4 0.462081 0.462081 0.482674
  194 11.61 3 0.34608 0.34608 0.361359
  195 11.67 4 0.460799 0.460799 0.480992
  196 11.73 3 0.34512 0.34512 0.360163
  197 11.79 4 0.459522 0.459522 0.479491
  198 11.85 4 0.458793 0.458793 0.478714
  199 11.91 3 0.343618 0.343618 0.358569
  200 11.97 4 0.457522 0.457522 0.477521
  201 12.03 3 0.342667 0.342667 0.357752
  202 12.09 4 0.456257 0.456257 0.476546
  203 12.15 3 0.34172 0.34172 0.357107
  204 12.21 4 0.455 0.455 0.475805
  205 12.27 3 0.340782 0.340782 0.356647
  206 12.33 4 0.453754 0.453754 0.47532
  207 12.39 3 0.339853 0.339853 0.356382
  208 12.45 4 0.452525 0.452525 0.475108
  209 12.51 4 0.451832 0.451832 0.475113
  210 12.57 3 0.338424 0.338424 0.356397
  211 12.63 4 0.450639 0.450639 0.475363
  212 12.69 3 0.33754 0.33754 0.356701
  213 12.75 4 0.449478 0.449478 0.475925
  214 12.81 3 0.336683 0.336683 0.357247
  215 12.87 4 0.448356 0.448356 0.47682
  216 12.93 4 0.447736 0.447736 0.477486
  217 12.99 3 0.335405 0.335405 0.358622
  218 13.05 4 0.446693 0.446693 0.478929
  219 13.11 3 0.334645 0.334645 0.359839
  220 13.17 4 0.445711 0.445711 0.480742
  221 13.23 3 0.333935 0.333935 0.361339
  222 13.29 4 0.444803 0.444803 0.48293
  223 13.35 4 0.44432 0.44432 0.484357
  224 13.41 3 0.33294 0.33294 0.364278
  225 13.47 4 0.443546 0.443546 0.487161
  226 13.53 3 0.332397 0.332397 0.366534
  227 13.59 4 0.442873 0.442873 0.490371
  228 13.65 4 0.442539 0.442539 0.492388
  229 13.71 3 0.331708 0.331708 0.370696
  230 13.77 4 0.442049 0.442049 0.49625
  231 13.83 3 0.33139 0.33139 0.373749
  232 13.89 4 0.441694 0.441694 0.500526
  233 13.95 4 0.441556 0.441556 0.503168
  234 14.01 3 0.331107 0.331107 0.379191
  235 14.07 4 0.44144 0.44144 0.508117
  236 14.13 3 0.331083 0.331083 0.383064
  237 14.19 4 0.441495 0.441495 0.513502
  238 14.25 3 0.331194 0.331194 0.387267
  239 14.31 4 0.441739 0.441739 0.519321
  240 14.37 4 0.44197 0.44197 0.522838
  241 14.43 3 0.331672 0.331672 0.394525
  242 14.49 4 0.442547 0.442547 0.52934
  243 14.55 3 0.332191 0.332191 0.39956
  244 14.61 4 0.443361 0.443361 0.536267
  245 14.67 3 0.332897 0.332897 0.404919
  246 14.73 4 0.444435 0.444435 0.543625
  247 14.79 3 0.333805 0.333805 0.410592
  248 14.85 3 0.334261 0.334261 0.41312
  249 14.91 4 0.446464 0.446464 0.554857
  250 14.97 3 0.335492 0.335492 0.419235
  251 15.03 3 0.336095 0.336095 0.421946
  252 15.09 4 0.449147 0.449147 0.566907
  253 15.15 3 0.33769 0.33769 0.428479
  254 15.21 3 0.338459 0.338459 0.431362
  255 15.27 4 0.452568 0.452568 0.579721
  256 15.33 3 0.340466 0.340466 0.438277
  257 15.39 3 0.341423 0.341423 0.441314
  258 15.45 3 0.34244 0.34244 0.444396
  259 15.51 3 0.34352 0.34352 0.447511
  260 15.57 4 0.45982 0.45982 0.601594
  261 15.63 3 0.346298 0.346298 0.454919
  262 15.69 3 0.347604 0.347604 0.458145
  263 15.75 3 0.348982 0.348982 0.461391
  264 15.81 3 0.350435 0.350435 0.464658
  265 15.87 3 0.351965 0.351965 0.467937
  266 15.93 3 0.353574 0.353574 0.471227
  267 15.99 3 0.355264 0.355264 0.474517
  268 16.05 3 0.357036 0.357036 0.477805
  269 16.11 3 0.358893 0.358893 0.481083
  270 16.17 3 0.360835 0.360835 0.48434
  271 16.23 2 0.241679 0.241679 0.324692
  272 16.29 3 0.364266 0.364266 0.489711
  273 16.35 3 0.366442 0.366442 0.492882
  274 16.41 3 0.368706 0.368706 0.496005
  275 16.47 3 0.371058 0.371058 0.49907
  276 16.53 2 0.248722 0.248722 0.334384
  277 16.59 3 0.375171 0.375171 0.504024
  278 16.65 3 0.377752 0.377752 0.506888
  279 16.71 3 0.380415 0.380415 0.509659
  280 16.77 3 0.383157 0.383157 0.512328
  281 16.83 2 0.256999 0.256999 0.342981
  282 16.89 3 0.387893 0.387893 0.516526
  283 16.95 3 0.390826 0.390826 0.518881
  284 17.01 3 0.393823 0.393823 0.521104
  285 17.07 2 0.264242 0.264242 0.348572
  286 17.13 3 0.398941 0.398941 0.524504
  287 17.19 3 0.402077 0.402077 0.52635
  288 17.25 3 0.405253 0.405253 0.528048
  289 17.31 3 0.408462 0.408462 0.529597
  290 17.37 3 0.411699 0.411699 0.530994
  291 17.43 2 0.276275 0.276275 0.354696
  292 17.49 3 0.417136 0.417136 0.532988
  293 17.55 3 0.420413 0.420413 0.533987
  294 17.61 3 0.423693 0.423693 0.53484
  295 17.67 4 0.570023 0.570023 0.714208
  296 17.73 3 0.431331 0.431331 0.536294
  297 17.79 3 0.434585 0.434585 0.5367
  298 17.85 3 0.43782 0.43782 0.536979
  299 17.91 3 0.441034 0.441034 0.537143
  300 17.97 4 0.593001 0.593001 0.716258
  301 18.03 3 0.44843 0.44843 0.537106
  302 18.09 4 0.602753 0.602753 0.715843
  303 18.15 3 0.455656 0.455656 0.536544
  304 18.21 4 0.612261 0.612261 0.714786
  305 18.27 4 0.617574 0.617574 0.713933
  306 18.33 3 0.466613 0.466613 0.534793
  307 18.39 4 0.626653 0.626653 0.712061
  308 18.45 4 0.631712 0.631712 0.710807
  309 18.51 4 0.636677 0.636677 0.709436
  310 18.57 5 0.802685 0.802685 0.884713
  311 18.63 4 0.647506 0.647506 0.705995
  312 18.69 4 0.652167 0.652167 0.704335
  313 18.75 5 0.821626 0.821626 0.877984
  314 18.81 4 0.662326 0.662326 0.700373
  315 18.87 5 0.834046 0.834046 0.872874
  316 18.93 5 0.84071 0.84071 0.869929
  317 18.99 5 0.847214 0.847214 0.866926
  318 19.05 5 0.853561 0.853561 0.863886
  319 19.11 5 0.859756 0.859756 0.860818
  320 19.17 6 1.03968 1.03968 1.02891
  321 19.23 5 0.872875 0.872875 0.854028
  322 19.29 6 1.05502 1.05502 1.02077
  323 19.35 5 0.885334 0.885334 0.847266
  324 19.41 6 1.0696 1.0696 1.0127
  325 19.47 6 1.07725 1.07725 1.00837
  326 19.53 6 1.08469 1.08469 1.0041
  327 19.59 6 1.09195 1.09195 0.999903
  328 19.65 7 1.28286 1.28286 1.16135
  329 19.71 6 1.10703 1.10703 0.991081
  330 19.77 7 1.29998 1.29998 1.1513
  331 19.83 6 1.12131 1.12131 0.982693
  332 19.89 7 1.3162 1.3162 1.14179
  333 19.95 7 1.32458 1.32458 1.13691
  334 20.01 7 1.33272 1.33272 1.13221
  335 20.07 7 1.34065 1.34065 1.12768
  336 20.13 7 1.34836 1.34836 1.12334
  337 20.19 8 1.55015 1.55015 1.27874
  338 20.25 7 1.36419 1.36419 1.11467
  339 20.31 8 1.56773 1.56773 1.26934
  340 20.37 8 1.57669 1.57669 1.26474
  341 20.43 7 1.38675 1.38675 1.1031
  342 20.49 8 1.59279 1.59279 1.2569
  343 20.55 8 1.60101 1.60101 1.25315
  344 20.61 8 1.60898 1.60898 1.24969
  345 20.67 9 1.81935 1.81935 1.40213
  346 20.73 8 1.62515 1.62515 1.24331
  347 20.79 8 1.63241 1.63241 1.24077
  348 20.85 9 1.84486 1.84486 1.3932
  349 20.91 8 1.64711 1.64711 1.23635
  350 20.97 9 1.86087 1.86087 1.38895
  351 21.03 8 1.66088 1.66088 1.23323
  352 21.09 9 1.87586 1.87586 1.38618
  353 21.15 9 1.88339 1.88339 1.38529
  354 21.21 9 1.89065 1.89065 1.38481
  355 21.27 8 1.68646 1.68646 1.23086
  356 21.33 9 1.90364 1.90364 1.38498
  357 21.39 9 1.91014 1.91014 1.38564
  358 21.45 9 1.91639 1.91639 1.38669
  359 21.51 9 1.92239 1.92239 1.38812
  360 21.57 9 1.92813 1.92813 1.38993
  361 21.63 9 1.93363 1.93363 1.39212
  362 21.69 9 1.93889 1.93889 1.39467
  363 21.75 9 1.9439 1.9439 1.39759
  364 21.81 9 1.94867 1.94867 1.40087
  365 21.87 9 1.95319 1.95319 1.4045
  366 21.93 9 1.95748 1.95748 1.40848
  367 21.99 9 1.96152 1.96152 1.4128
  368 22.05 10 2.18392 2.18392 1.57526
  369 22.11 9 1.96927 1.96927 1.42302
  370 22.17 9 1.97256 1.97256 1.42837
  371 22.23 8 1.75595 1.75595 1.2744
  372 22.29 9 1.97811 1.97811 1.43931
  373 22.35 9 1.9807 1.9807 1.44554
  374 22.41 9 1.98303 1.98303 1.45205
  375 22.47 9 1.98512 1.98512 1.45885
  376 22.53 9 1.98695 1.98695 1.46591
  377 22.59 9 1.98852 1.98852 1.47324
  378 22.65 8 1.76869 1.76869 1.31589
  379 22.71 9 1.99079 1.99079 1.48774
  380 22.77 9 1.99161 1.99161 1.49574
  381 22.83 8 1.77079 1.77079 1.33644
  382 22.89 9 1.99241 1.99241 1.51143
  383 22.95 8 1.77107 1.77107 1.35068
  384 23.01 8 1.7709 1.7709 1.35757
  385 23.07 9 1.9918 1.9918 1.53564
  386 23.13 8 1.76986 1.76986 1.37255
  387 23.19 8 1.76905 1.76905 1.37974
  388 23.25 8 1.76804 1.76804 1.38699
  389 23.31 8 1.76681 1.76681 1.3943
  390 23.37 8 1.76536 1.76536 1.40164
  391 23.43 8 1.7637 1.7637 1.40902
  392 23.49 8 1.76181 1.76181 1.4164
  393 23.55 8 1.7597 1.7597 1.42377
  394 23.61 7 1.53783 1.53783 1.25183
  395 23.67 8 1.75513 1.75513 1.43752
  396 23.73 5 1.09557 1.09557 0.902137
