t = 920000
b = 30 30 30
E = -0.987526440976966 -1.30890107325169 0.321374632274726
-22.9094513401536 56.3000282611293 40.3319186768965 -0.74693187302212 -0.170104878152732 0.64277298285811 -0.399737314394408 0.887389809461111 -0.229672387424669 0.130421678862693 -0.292882269515335 0.276027789880641 0.264467354618539 -0.125843274206334 -0.203957526097213
-23.2811293390684 56.4730606316885 40.1502489335206 -0.158891518383471 0.188170543659727 0.96919829337686 -0.588391437023983 0.770244751651415 -0.246005161308269 -0.439334807786059 0.108258324961464 0.407168181525443 -0.328829493087273 0.189579130945763 -0.25093268607912
-23.8380900716265 56.703966528845 40.1901820924056 0.43231767483349 0.52045541654844 0.736361044197723 -0.734949887514494 0.676513780539318 -0.0466665574349885 -0.340429369253591 0.293624776694068 -0.168018248050574 0.24042992543863 -0.264329662218651 -0.00152789345163567
-24.2949880083326 56.9903880370039 40.3719981309 0.735366006625091 0.548876384180012 0.397456351301293 -0.577491486045111 0.814454762626716 -0.0562763110025059 -0.919426671720078 -0.297112997730454 0.145529266283907 -0.258639767622803 0.248895796381686 0.170306648628911
-24.6426885881703 57.1990815395228 40.6420146581383 0.77123527018036 0.613501744974381 -0.169740292633187 -0.599385272579696 0.789692936232878 0.130852441621994 -0.239689360474842 0.184937537997157 -0.366224666322386 -0.121759724979992 -0.219300967921594 0.251000763217159
-24.758305183372 57.6774983199165 40.9265970588982 0.624150073596533 0.465498719422877 -0.627493129719453 -0.516990219126011 0.848229335868362 0.115013508338676 -0.216542790221686 -0.357134062049548 0.271664455271956 0.400646615752304 0.239956125573624 0.103224504181353
-24.7473080201591 58.0948778241837 41.1012908371921 0.0146487091845553 0.136046164739194 -0.99059419359238 -0.51889989830265 0.847886316557213 0.108773570946913 0.0483891871944291 -0.376102863137107 0.783150972702875 0.362801009881808 0.170813650287275 -0.0612828654289381
-25.0523680964303 57.889275726105 42.0022454148926 0.868317187505524 0.152275202965643 0.472056696217979 0.4452039852958 -0.658847765873899 -0.606393463750809 -0.20268538171078 -0.373306379147631 -0.149558192920502 -0.211643980020073 -0.13836162031573 -0.710459590463133
48.9850460335622 57.3238212282615 -18.2506902433204 0.195302706119436 -0.960355943540848 0.198930426753192 -0.230718762650414 0.152154185428004 0.961050444262848 -0.27674196543602 0.629852764237842 -0.0299341224372083 0.0727335932103286 0.221590209106583 -0.357584164920151
48.668109582812 57.1672842282777 -17.7668144956536 0.766748158399188 -0.636962823660104 0.0798474975588349 -0.109754115215641 -0.00752150288360425 0.993930310025616 -0.272902549366523 0.454731556634096 0.511350294659401 -0.0770906134739146 -0.456336558769591 -0.0823668928253378
48.5342637605027 56.89238177614 -17.4737541070187 0.985949129704211 -0.0398253131630217 0.162229029667875 -0.163434069518475 -0.0291188893040452 0.986124431908219 0.171029626996682 -0.00173097819339391 0.260074361324868 -0.290281836495997 -0.271960856124957 0.113131434279851
48.581303310078 56.6994923779496 -17.0912748273965 0.852495154241238 0.51982408617164 0.0550902117534532 -0.135780030716054 0.118430745764884 0.983635065314547 -0.305124460550898 -0.518057036908432 -0.619245063548234 0.333614549146516 0.0812974255722936 -0.286512496230178
48.6654501100697 56.5624199286521 -16.5505367070456 0.546830028835895 0.8115440255532 -0.205847550756065 0.167939005769985 0.134547149138306 0.976572350110202 0.273169120034207 -0.435671278931291 -0.299932267543187 -0.128787578346309 0.131977331975409 0.494683880398619
49.0890397090339 56.4950625163712 -16.1881560454583 -0.0654948286183766 0.976139553686699 -0.207031396538311 -0.121038239486635 0.198173305661079 0.972664940000088 -0.188324990041237 -0.597053938188794 -0.26623877725044 0.415355163928428 0.903173487882648 -0.0188001506048225
49.3257131156162 56.6196172471227 -15.8431920668591 -0.70619361526564 0.702048671210856 -0.0917509727965851 0.0707674264385717 0.198929216698046 0.977455440467332 -0.292204608419901 0.0542512194486313 -0.258958868132761 0.116192625412314 0.242527952538372 -0.114490834234214
49.418982259315 56.9307558302266 -15.5838196860031 -0.97972890904494 -0.135309326727398 0.147724916253824 0.121547605279544 0.184659294080121 0.975257465883053 -0.298978926248853 0.506344576392268 0.0740767082851215 -0.23067564593776 -0.0474615877257158 -0.586530429166234
48.4743056132111 57.4967145395022 -15.5628003607751 0.888125784591536 -0.459596233071726 0.00197314214974136 -0.0659628460635139 -0.131713266370467 -0.989090753369581 0.938904660716095 0.0817324976330254 -0.00606790919535712 0.0491081738791359 0.0217887386349023 0.261020252376844
48.575281319384 57.543549399506 -15.9977169169566 0.83536295392738 -0.480878134416124 0.266317395312751 0.320480988506485 0.0324310214449976 -0.946699617013719 -0.0871141087472821 -0.118830190534211 -0.137855058449583 -0.144406855634318 -0.0623867907608605 0.493203184503277
48.9943886031792 57.6439955689833 -16.4657475339423 0.179636645899987 -0.954928232312229 0.236310699255957 0.252777063652405 -0.1873451697608 -0.949213118039641 -0.287452416647834 0.275083922226988 -0.228426516956318 0.668081686039098 0.209590935493205 -0.344897484714478
49.3623372314914 57.5793321701996 -16.8702106096571 -0.400511320869035 -0.870411022792408 0.286313348024881 0.0948942306081428 -0.350190796306898 -0.931859158445757 0.0135040419804697 -0.331743480052931 0.341015994166811 -0.0067355346176343 -0.431602570449549 -0.141549875591224
49.6458507051056 57.2567700108908 -17.0505194300302 -0.898976154350458 -0.437178993936891 -0.0267656714767906 0.191521794635533 -0.337400337069176 -0.921672617975175 0.30117112195095 0.403838293719999 0.0224985871609514 -0.479565924600322 -0.121299037059817 -0.117970819235754
49.7722134497288 56.8711742683739 -17.3362536792681 -0.991511756605156 0.120295807607708 -0.0493290501201725 0.0339462304440806 -0.126725944184475 -0.99135674129407 0.483457597218419 -0.35092116154284 0.0218459482174266 0.16391256481821 -0.129476604826118 -0.0412542779994588
49.6447307103099 56.4748997656372 -17.7365304367049 -0.830736352779717 0.555939571932064 0.0284306969712512 0.0132916470150296 0.0708684026845505 -0.997397113300704 -0.51163546028508 -0.129659740230727 0.902300332332577 -0.0963309372080688 0.300716244630188 -0.360224266058662
49.3409691661307 56.2026746344982 -18.0290302064122 -0.177657194703413 0.970624611710001 -0.16225222436975 0.0767323637971652 -0.15071018371477 -0.985595548321296 -0.106040806035473 0.0141551078668136 0.354116690734484 -0.0372114820933055 -0.226957430567066 0.170373477905966
-24.8043092721227 58.4472641355275 40.2721419551549 0.390204082481121 0.336660332916306 0.856971758143613 0.813652635117172 -0.561717429623694 -0.149809607915613 0.0589510677428051 -0.149149349244717 -0.426182560625067 -0.459835539848011 0.256826974181325 0.111856753132837
-24.3368649332965 58.5041315557875 40.1680570709553 -0.152506686866006 -0.304902987891416 0.940093547704711 0.605028750050271 -0.780943923533098 -0.15513477981858 0.191872848168945 0.212684939115788 -0.364987998712399 -0.180437517910508 -0.602359890890428 -0.311782543078519
-23.9523056110316 58.2197335010334 40.2161551432441 -0.646049614822929 -0.400590479977941 0.649728529878603 0.528336440125994 -0.849033036788244 0.00187309293070354 0.163746318486926 -0.118548191144963 0.364519744023163 0.571155645401578 0.0974902688960986 0.290513713853325
-23.7273726595323 58.0198085657816 40.6031687603085 -0.682459961705725 -0.72471157688636 -0.0950869654341567 0.722076387567981 -0.688649510409156 0.0660873840457282 -0.288562365660878 0.107110930251757 -0.254892368702783 -0.0847492761724342 0.53233157151413 -0.0975953458484073
-23.3754825355175 57.6066895581799 40.8101626013161 -0.807437037298944 -0.514817924130254 -0.288110978256882 0.480844634226726 -0.857238935648427 0.184200556306821 0.603616780757151 0.331316566724731 0.490952114926375 -0.270541716437707 -0.0321288698732393 -0.220702345668609
-23.3823772503168 57.2797610526618 41.1508507765866 -0.297880288216851 -0.514517816251189 -0.804076333846454 0.568931746922301 -0.772061100392765 0.283263701529552 0.112207630888285 0.0586199189006263 -0.106321575728507 -0.567270905092413 0.206327154743793 -0.779960304428936
-23.3810281104731 56.7981059178397 41.3152306052613 0.104309636839975 -0.197982062529861 -0.974639729632822 0.533347726392464 -0.816015949070908 0.222841139859498 0.286804048216061 -0.0780882459348248 0.116351445334334 -0.214138802266398 0.356530448319551 0.065272366287975
-23.5129249423256 56.3209242269659 41.2769325764 0.636450996655627 -0.0666713688679962 -0.768430255409901 0.113373893485203 -0.977349892132816 0.178699604431409 -0.060192086767811 -0.202322914941607 0.589582195029288 -0.46304464070582 0.11229562706763 -0.100305252568812
