t = 555000
b = 30 30 30
E = -0.673153069063709 -0.982132729626208 0.308979660562498
27.0803741462798 45.8552726799113 33.858040735882 0.473024117426857 0.135928792671587 0.870500745350264 0.302419635887023 0.902949037429094 -0.305328347252348 -0.610317444762831 -0.308587373748351 0.468092226241587 -0.00745912942322595 0.371381552674275 -0.536790893185663
27.7964153340305 46.453126847222 33.5117202782185 -0.24947635334037 0.93373307150466 0.256717939190982 0.905510569772908 0.130969601154039 0.40360571304563 0.263198965319437 0.273177263689091 0.00712358384418413 0.0532914644637114 -0.053588179540273 -0.161951575141804
28.5496361785082 46.3643620060618 34.7066475461926 0.534989537036391 -0.714189635034509 0.451352811524258 0.802140648618114 0.261653421412037 -0.536756804239983 -0.40588905376803 0.579035323050165 0.150470153007167 0.234579425646115 0.095801982413855 -0.173086613648451
28.8270452064016 46.5599613502678 34.0811979091265 -0.665363021063667 0.179485324735087 -0.724622017610411 0.351246410902664 0.931779241228198 -0.0917246119872458 0.500001387757378 0.87106045780112 -0.155677260876011 -0.0627933133279383 -0.268704271650691 0.102089433237647
29.1292121142694 46.7624686028755 33.7942907052401 -0.884902460321088 0.459848978744409 -0.0740712661255028 0.465627722160015 0.869344980360271 -0.165620437985528 -0.0495089899310336 0.413987964359078 -0.213662971888933 -0.137636117857904 -0.359800967204688 0.403841818468092
29.1814745556062 47.1741211769064 33.3606393865282 -0.735583806434252 0.410678856226415 0.538757218754645 0.37324793336016 0.90938493998465 -0.183589245794703 0.0136687670732695 0.0963075414298468 -0.114772327695591 -0.5429023915479 0.12084047963326 -0.10705511700439
29.0485039086759 47.4859346000842 33.1221788589224 -0.046485674995581 0.282186626994842 0.958232638541141 0.316176129053178 0.914106613676284 -0.253853804876422 -0.0101541443897729 -0.0924991334187871 0.0958446646248527 -0.3430301747149 -0.474818096950185 0.218344163517734
30.2949394614619 47.7965294142776 32.3218612140234 0.901717639797077 -0.426106961562227 -0.0730626812196752 -0.247999561416454 -0.371393450503885 -0.894741930648188 -0.367292645917363 0.459954836589244 -0.231546307912512 0.591177951797843 -0.0696094378403986 -0.355154308440405
28.9558619923293 48.0257962272875 33.0755469812199 0.312835876172337 -0.0270538818308074 0.949421825142723 0.188471893819875 0.981485200808513 -0.0341342325796728 -0.21354899114904 -0.146746936154128 0.357987993465812 0.351226754661437 -0.149076509347189 0.398910916905244
28.9052176652837 48.5526261291942 33.2163440723749 0.821839980004091 -0.302944447864602 0.482497366598895 0.309197890077145 0.948500382707821 0.0688744421026158 0.551931848220252 -0.390412903767668 0.0642706353456169 -0.261847503198553 0.0575560106816254 -0.329177982060195
28.9391979061724 48.8564788891594 33.496201164978 0.883976689012182 -0.287529638477101 -0.368662339113038 0.279613852064407 0.957099002198911 -0.076010484300188 -0.000771170187527762 0.665728798896184 -0.936714160936158 0.0586119109977309 0.27258329949556 -0.286728209354372
29.2205591490926 49.1102898815615 33.7340219098015 0.581092432439616 -0.0213796012267731 -0.813556696003912 0.514580843562322 0.78411706000078 0.346939463962318 0.258770447625506 0.198200179339919 0.40377311224288 -0.0588249497808095 0.245447698417511 0.494482898582253
30.1847041738044 49.0073406643441 33.4131973182755 -0.758559056664406 -0.0490474852146143 0.649755724673902 -0.159918023373161 -0.952653007843084 -0.25860872461688 -0.393467859113183 0.295394645010772 -0.0529516123165757 -0.162021431411861 -0.478154586134832 -0.610001778079175
30.0907375924624 48.4861391286105 33.5027672281146 -0.855948915277864 0.426740317874585 0.291966017774251 -0.431703383423124 -0.900589783935816 0.0506974339733275 0.632422817282146 0.209115363193988 0.0194425442408827 -0.257022385901527 -0.0156971125883483 -0.392411361342617
29.9230014020445 48.1179049554851 33.80664161027 -0.828301241432847 0.443681726397489 -0.34214555250899 -0.456918072901053 -0.888329009274155 -0.0457978813746279 0.0180645888456856 -0.305098400389432 -0.128488812981068 -0.570046460509953 -0.187730620825108 0.202085524889366
29.4410623672073 47.8971113599485 34.1227809746304 -0.407972413037725 0.121916686963213 -0.904817568153987 -0.423106590454919 -0.903445609073846 0.0690423388857775 -0.000371112858960252 -0.357376547864092 -0.245429675253663 -0.0884551147032108 0.0922892745317702 0.0410691355524511
29.0639372521456 47.7585854001753 34.2872651045068 0.338365469595442 -0.258184954603307 -0.904902944078502 -0.225366171219836 -0.955873299553221 0.188457751421736 0.19478662897411 0.394383294748922 0.252813521961831 0.164578359307771 0.198123470129102 0.0499056135485824
28.6319399052692 48.0768027831274 34.1594830348141 0.485561656142677 -0.56154955216561 -0.669994013814016 -0.670669303357213 -0.730884411870854 0.12653324471681 0.152254255845341 0.0938648421857912 -0.0206069313240608 0.146006987022514 0.444405263231592 0.19370696938414
28.3071037784537 47.5766885537752 34.1130638176349 0.641437760322714 -0.287491491594257 -0.711270863942205 -0.460628101045548 -0.885735662265195 -0.0573941557893266 0.470644546932803 -0.131405315362935 0.342580648188164 0.239825019410363 -0.00803392572765972 0.490866189303092
28.098896605349 47.4809514713023 33.7365353600592 0.760342076372316 -0.642773342701573 0.0933935587182642 -0.635159419422738 -0.765873149158751 -0.100054141924339 0.359936065898234 -0.0649063236577092 0.212717268263695 -0.27439738340323 -0.162592067753214 0.0521644264346591
27.1200776941078 47.3562673782163 34.1016366297398 -0.342000662933217 0.546140758599283 0.764699822381216 -0.875739643520022 -0.480329738173395 -0.0486150120202383 -0.208833225013933 0.34945374974008 0.244138503955644 0.590102450274643 -0.019361668812219 -0.187142916579882
26.8129207804892 47.1166776376534 34.3372220178157 -0.364314492725033 0.908899627462144 0.202919731888509 -0.922044533812011 -0.382640275405576 0.0584833079172777 -0.117761184384011 0.447433139976903 -0.924720111208793 -0.131860430738432 -0.255212405820808 0.385655576724091
26.5838733651803 47.0803235984035 34.6591625362689 -0.483109558558203 0.589848425725668 -0.647057948794882 -0.866993055567101 -0.42540511137729 0.259525591825716 0.131990564111977 -0.0500145563416726 0.198994572226036 -0.370143885154953 0.407833226462642 0.021932743965363
26.147313056661 47.2574668916021 34.786455457234 -0.304980023137937 -0.078268623352037 -0.949137086034131 -0.937195185937573 -0.152471110052153 0.313716024542775 0.425781951048083 0.183532402509094 0.274564209334909 0.228001375662363 0.129141492900704 0.0684992670014372
