t = 965000
b = 30 30 30
E = -0.603870481179399 -0.916531462962814 0.312660981783415
36.9843690771531 44.9624055333477 22.974598669802 0.830467439795555 0.446256740560873 0.333434780644434 0.556360379610007 -0.694570816034842 -0.456108002026802 0.2988295136111 -0.158838261367687 -0.477380616321773 0.116052611754047 0.403216188933654 -0.238735718885264
37.6041592450598 44.4583384216465 23.5113550722302 0.278018990749541 -0.691715588195054 0.666509554193006 -0.645385749700922 -0.648432835815594 -0.403747559149394 0.378663111724442 0.29195305176787 -0.305079977034904 -0.273250988831652 0.294198310156308 -0.104277953337554
37.4268077750715 44.1067227490184 23.2196776615977 -0.389451232244618 -0.223432577503597 0.893535461530895 -0.72692809350838 -0.521177294445234 -0.44715743829548 0.354154701996819 0.436692763678464 0.166192944789251 -0.268798935839066 -0.345969537504538 0.177653468024746
37.2261582048382 43.7542484789479 23.0207140837067 -0.559683387076705 0.63615037197188 0.531100000442857 -0.682292596791839 0.0100163332424998 -0.731010591873623 0.45745035348684 0.0452928409194693 0.130815255891147 0.449914823798961 -0.361051808753968 -0.40677438432409
36.7691242937579 43.6308380512223 22.8872784186346 -0.0522425105808058 0.988757692212142 0.140103341072072 -0.688211630057903 0.0660129752785467 -0.722500546261336 -0.381001952972453 -0.18700160100726 -0.401995733358903 -0.0505955915845056 0.379475296117673 0.436137426193336
36.3560276625829 43.8326475904714 22.8102153887574 0.516705379110456 0.660832484664304 -0.544349132828153 -0.584081808898178 -0.19279164437895 -0.788466754132305 -0.189330327565612 -0.671899343598931 0.0776544052510052 0.140671624812772 -0.165971770290751 0.147466801786304
35.9943693904315 44.0076767475292 22.4856077386689 0.860654399184627 0.0848347695976459 -0.50207277065328 -0.489674876114236 -0.132463584331607 -0.861784146134353 0.323397085613007 0.18776869860847 0.230068001785772 -0.365461517509687 0.456598832603109 -0.633519174503983
35.8503171567651 44.1842499814648 22.0989733075744 0.636658669087091 -0.711238884044177 -0.2980016592233 -0.546360735038374 -0.14332091634768 -0.825196377928082 -0.370800466038318 0.132583328144187 -0.29852328623348 0.170562679755759 -0.00278094692990339 -0.24770849276965
35.788926140288 44.2056632087319 21.5571044040501 0.174201829284735 -0.969612586439384 0.171770646189116 -0.394578049467029 -0.228554475364622 -0.889983715957546 0.0813962939600146 -0.0146633003039453 0.243244648437374 -0.385805233423291 -0.462241268396748 0.162029028752561
35.8890815742946 44.0374542827347 21.0879534206814 -0.666998963540249 -0.653274905237318 0.358251700377531 -0.330018659757728 -0.172047092415203 -0.928163499714988 -0.0583626260051982 0.267979759113443 0.163484277759625 -0.437700675904668 -0.0195561465456135 0.246680546753291
35.6030519514273 43.725172945108 20.6355052513798 -0.769803354966659 0.167338096175191 0.615955157662113 -0.638205496690942 -0.216650458586948 -0.738753221845805 0.526652545659817 -0.100379528212926 0.437254452027325 -0.0324805487792987 -0.641208919414831 0.0197804870265542
36.9895970806668 43.6926567931415 20.5436186203761 0.993920711039341 -0.106711850559289 0.0270961458007958 0.0680941986277972 0.789209605167969 0.610337102938896 0.446740338708288 -0.14605075529319 0.142729161313388 0.328339997565978 0.153543437898135 0.288618586674441
37.1136606995172 43.8987033627978 21.0065834535997 0.667761727886355 0.50350929342265 -0.548245078598303 0.0738714366876349 0.688056300480521 0.72188748306835 0.146518200443728 0.6503415041393 0.237499362024866 0.439525102666374 0.242374195097312 0.548618759704162
37.4286735674856 44.0958214186935 21.2796039255576 -0.374547996997188 0.821703105041662 -0.429555357445659 0.126113113190634 0.50412025358689 0.854375943367356 -0.525325611410255 -0.280785020542185 0.342242158569419 0.0877419459261794 -0.143194459372831 -0.187663725844395
37.7203830748873 44.4322444367008 21.435114682444 -0.924770264117326 0.380246887625332 -0.0145692503454081 0.151672864526638 0.40344589844853 0.902345138620088 0.120515595178524 0.406016788312904 0.0995318820427689 0.0088629488997336 -0.00192792168787241 -0.337558280350899
37.7811765419851 44.8815579849693 21.7401300327649 -0.987480333682016 -0.157054641125383 -0.0147115700131138 -0.0632124171219868 0.308543291467238 0.949107595382194 -0.511458551026852 0.218991078753688 0.222329785138256 -0.490998329962966 -0.0325220241143082 -0.16318343111665
37.4986583081578 45.2196384547588 22.1264606107298 -0.533562394280583 -0.845172019215168 0.0315504254376379 0.0148681719020935 0.0279251259277691 0.999499437121507 0.16652562292862 0.385212807914744 -0.640482116243708 -0.0610632806270722 0.301812646024636 0.101845086921627
37.1903909929762 45.333303953947 22.4956627141043 0.279790283631254 -0.942385479747284 0.183376674490132 -0.0923588785254739 0.163698743762069 0.982177457921056 0.776739099762589 0.0388631432691392 0.2648542558304 0.027768456423558 0.278068432405559 0.234680628535488
36.7550338362686 45.2302610230656 22.7569391741329 0.724703040142355 -0.55307491710737 0.410991045735903 -0.396276825383076 0.153423834632793 0.905221411937936 -0.658289957841194 0.115181251434178 0.0872778610168139 0.0819845875298616 0.0127061241200671 0.130519972021076
36.554881627661 45.0475978295845 23.100759475618 0.869741513704567 0.330908240082419 0.36612762253679 -0.449447260429333 0.224697627832455 0.864585528527407 0.649358281215652 0.241659187611782 0.418735266085624 0.0908000085899969 -0.158213004907911 -0.536804419640045
