t = 255000
b = 30 30 30
E = -1.06987312603025 -1.38034121122766 0.31046808519741
5.09955906666896 14.3641840538211 19.9077243909928 0.555415339628078 0.829480369721694 0.0589586020209065 -0.831566839526279 0.554288279867062 0.0355118881832419 -0.075449464926389 -0.0304897531401325 0.131804046024067 0.0804050767402714 -0.336420080126343 0.23450258558605
4.96622244457836 14.5662717037419 20.1887927662636 0.294018624415993 0.746253025424352 -0.597209737480548 -0.830541718511485 0.50870251400803 0.226764649039309 -0.724828710001749 0.28259034723375 0.178966783095305 -0.0420291312286355 0.293393766802499 -0.272763444313829
4.57555522348834 15.092014482456 20.2327676405891 0.430977145780971 0.467731741154286 -0.771677211100129 -0.604841965280917 0.784363892554645 0.137620787280254 -0.0534207715254457 0.484748651698921 0.172153970220379 0.416254560114649 0.169711630696492 0.596598798952655
4.46969455534511 15.6562150081349 20.344400623436 0.154730049963235 -0.0311878455003547 -0.987464394260068 -0.731791340408478 0.667869957343671 -0.135761386929266 0.378381353932333 -0.144960550347141 -0.0883675541093714 0.42420575812328 0.475896136250028 0.357751884430728
4.51804870079012 16.073881549257 20.2532317253862 -0.514354987458468 -0.47747270270288 -0.712361400589734 -0.657565229205069 0.752808302363748 -0.0297931071339687 -0.13043850513974 0.496839546926887 -0.00904164806848678 0.0351172363903788 0.253500177184659 -0.165188064384403
4.23635704494442 16.3855184489983 20.0722598493119 -0.393610871728236 -0.666173048928512 -0.633469770816759 -0.627957655673079 0.698110018822011 -0.343964510236006 0.340452777780263 0.668768629483536 0.0714133048476268 -0.0607942862129898 0.842941218591994 -0.465970968589902
4.16367318044268 16.6821452749003 19.6321845628709 -0.830308919727991 -0.54938834074076 0.0935924616530989 -0.546902454216189 0.770946703854117 -0.326402949418113 -0.30770791945082 -0.459074909927752 0.036666304340598 0.213892372494838 0.266178835561115 0.186422021514159
3.86899083943251 16.7429812278547 19.3585195891567 -0.782085829136026 -0.0392023162507433 0.621936439087802 -0.461670056650815 0.706799564729337 -0.535999192247936 -0.556127622980939 -0.366415857499084 0.0323677732378194 -0.0686499760808443 -0.370950620866359 0.439302741835441
3.80608542096077 17.0217515802207 19.4123004473225 -0.45990895343077 -0.887624439847537 -0.0246294202039947 -0.8196499978391 0.435031173561576 -0.372722093619325 0.252675899219428 0.495766329386109 0.0197676215014212 0.0432243679410563 0.574632104446935 -0.356161124128547
3.52534410834669 17.0807892777787 19.0567663142971 -0.650822524394336 -0.393412597764665 0.649350883314272 -0.757297157779043 0.39736837867661 -0.518265748866066 -0.448595196692514 0.458249014766791 0.321864182195014 -0.112617470755439 0.0955911450939537 -0.35224682867266
3.06195031646892 16.9855557728661 18.7016867781482 -0.423515908467158 0.0957721614115378 0.900811838495589 -0.866028875356925 0.248920302712386 -0.433627339942495 -0.128282487640081 0.409962665628308 0.299405953794133 0.179532614885018 0.0359237687950039 -0.146493877453139
2.62229844467226 16.8357233376872 18.6229837759005 -0.0683847059270108 0.698096302861273 0.712730723293655 -0.922977850148577 0.22693066521519 -0.310828507894799 -0.160293547927604 -0.0771037475808146 -0.264443411964468 -0.460161555658169 0.359420773264882 0.0579960014567819
2.17711940246288 16.7438014514002 18.7769839228149 0.0766485255079541 0.992655956807592 0.0935903571520874 -0.928932906882505 0.105197454278916 -0.354988943664523 0.0940089116445833 -0.385263991273356 0.211704421035804 0.541724932866108 0.143823361531223 0.0725223825893248
2.31153821530619 17.8713124887582 19.2199478985358 -0.196529001622436 -0.905434080353067 -0.376251880601895 0.818213135483541 -0.362894225182301 0.445909235440975 0.0959743755364003 0.267370937330664 0.0284242116459086 0.0514641506474835 -0.155411989281016 0.0757339556935705
2.32175524964605 17.4785084829335 19.5764235603823 0.279702965353204 -0.567093045969215 -0.774707511507409 0.799602031368467 -0.309038128568247 0.514909726575914 -0.674877311114858 0.144871726415492 -0.321913905077525 0.216164523600427 0.476535845640973 0.591030361468795
2.55119178080181 17.0608807061632 19.8095026346856 0.417942330818141 -0.019909192575601 -0.908255378272698 0.830135728267399 -0.397765358410242 0.390713952019576 -0.128714282718058 0.236676404581788 -0.193557668308658 -0.283894350714106 0.043776538551814 -0.105655360103617
2.8040931026917 16.5570159891872 19.8173758081543 0.59209121786225 0.479357781791948 -0.647799434058028 0.789192032807906 -0.507603554423531 0.345708789140687 0.035227867178197 0.177170210900019 -0.627382017184524 0.00641338626987145 -0.270867546845383 0.436058966077895
2.92560192412242 16.2332755319903 19.6985165085732 0.710239233445746 0.698941034781061 0.083914606437922 0.628713545903102 -0.683420941171445 0.371018994616613 -0.185868663024613 -0.0490607029169612 0.140551408025116 -0.055496801746156 0.11255183577578 -0.0220156408567363
3.31711523641108 15.920686739679 19.7920993811806 0.622805518570668 0.680218185864156 -0.386544312670119 0.734754688999336 -0.67826325471721 -0.00972133190015364 -0.982678764876602 -0.391085871429501 0.189457017008228 -0.458544908212573 0.12710766572605 0.333848599879126
3.56360596259124 15.6803726873317 19.4864982898124 0.723575965879165 0.622974501013657 0.29722145395105 0.650498099850521 -0.759463456168552 0.00821467195709115 0.298114198101393 0.49249729068446 0.0080985613525004 -0.468982568130218 0.0162950410291755 -0.186480393547137
3.92526217645234 15.542096198018 19.2634415950456 0.390964829173617 0.413089053623555 0.822498593388247 0.773156409463544 -0.632243381189757 -0.0499747280851063 -0.191955567685974 -0.629777936781476 -0.0408021384398284 0.0650731570386691 -0.167365705910464 -0.0923758292115609
4.55056652690727 15.4537285701279 19.1994099082052 -0.0486319155744623 0.123265599347657 0.991181380376484 0.813489829148476 -0.570905146559089 0.110912630048953 -0.248633654960221 -0.810038120074335 0.312504599691559 -0.0265758940718464 -0.321870983402717 -0.465359883005076
5.07727260932255 15.4213547011411 19.2617596979576 -0.320399344918935 -0.293905040925232 0.900535444440841 0.848423401431982 -0.511865202056688 0.134802621732926 -0.527394894679592 -0.127122244074243 -0.340235048446997 -0.330167955616792 -0.148161303993869 -0.126494320827258
5.38031380165008 15.503449837114 19.559037284863 -0.429856763108004 -0.831388842083753 0.352158709205053 0.895246348213243 -0.443125831050584 0.046620530526553 0.312088046887729 -0.34714286149722 0.412508177602957 -0.170791451163193 0.142771880170972 -0.188715129445563
5.68867232782266 15.3743828294633 19.8782978507398 -0.428182706873298 -0.875152645566825 -0.22531625882751 0.831410249123416 -0.479201327445114 0.281288260379641 0.116670027055927 -0.18506598028884 -0.277516213403053 -0.0746285811205053 0.129191554124145 -0.142967805282913
