t = 265000
b = 30 30 30
E = -0.834683379307355 -1.20107094665495 0.366387567347595
27.4622511120721 30.1863204512858 31.104815807147 0.654853075376753 -0.58309342320108 0.480800904210106 0.687212685936157 0.194683506082918 -0.699883602285145 0.0525608064243945 0.06496661285372 -0.0979575768600245 -0.227348321531617 0.299373488795497 -0.384391369285296
27.8581499089454 30.4672901211383 31.0967859256763 0.452097286172843 -0.890939900134285 0.0428268395266086 0.745172874159758 0.350869136496587 -0.567105137228156 0.467815950437377 -0.0307002666877178 0.00564991272849131 -0.464874745632681 -0.318838016722638 -0.228339775639575
28.2867120979073 30.6995641111978 30.8166755197563 0.104105133529701 -0.942951075558225 0.316236288677149 0.972241185667862 0.029494935270684 -0.23211446677124 -0.279548546450627 0.146363731998471 -0.0620741098766235 -0.037913628013134 -0.388028994452176 0.43267612842559
28.7121503760667 30.7338518292015 30.9497298726877 0.0245432630202 -0.953320439158727 -0.30096140703174 0.990860983139941 0.0631399233720851 -0.119196737235231 -0.285533283141384 -0.386426253817552 -0.167946257564322 0.449762217100929 0.104127040722468 0.198505551344692
29.173917980402 30.5489390302766 31.1312265687409 -0.199470844145754 -0.586995464750153 -0.784632211101831 0.933685515376889 0.129159580011605 -0.333989762218305 0.13634882756407 0.0574230886457976 -0.222430956041652 -0.313708486491001 -0.0598053762541265 0.0413834701517963
29.6180698985314 30.3115311182274 30.908538661903 -0.428359679130583 0.12693700999342 -0.894647964726386 0.902149267473216 0.00383651913445549 -0.431406977595967 -0.213348068219547 0.58881866395034 0.372498090494618 -0.0713122595599283 -0.0473720842241528 0.510571561078777
30.0330283273523 30.1700621186825 30.5944167490542 -0.653130424105787 0.34059799441269 -0.676323632079697 0.723424660825182 0.0167098742208005 -0.690201086795381 0.490122053769239 -0.192405143568625 -0.0943213366354937 -0.261433612678315 -0.325072846556042 -0.29586246794642
30.1385412054013 29.9064175249933 30.2711043624745 -0.192897363435909 0.886856580863239 -0.419852369481302 0.754852495533219 -0.139247286649329 -0.640942979638658 0.526500776808065 0.398126136290355 -0.171494281656504 -0.432500725636095 -0.523951099446472 -0.0611054740352822
30.4267889276644 29.9374550217254 29.6971433265897 -0.048717502410966 0.994369768742211 0.0941029647267797 0.700212844249525 0.101187437069279 -0.70672701612951 -0.0923963380664742 -0.320651980023776 0.0184642550446595 0.240197979521632 0.267544894283505 0.195048561277312
30.5496642367738 30.1478605120247 29.189529617942 0.514180406800627 0.606320626154201 0.60662493153708 0.733635884061831 0.0554671301378289 -0.67727526685323 -0.0495198416821684 0.0730607655536035 0.11403274900563 -0.509376089548504 -0.22464667563224 0.033359261373948
30.7526355831372 30.3704249199196 28.8547157110933 0.543722902946434 0.00752421677246343 0.839231071263112 0.838484576140843 0.0382378088600193 -0.54358208722094 -0.0878846185471959 0.594020060653473 0.84633908626707 0.409566873618702 -0.694204376145838 0.188267579667644
31.1723246504467 30.599761001904 28.7126570676076 0.343097700060593 -0.620598950703176 0.705082201306522 0.877358133101761 -0.0563394272137706 -0.476517130039851 -0.131001240268215 0.15083929076764 -0.241595084531131 -0.764883275331164 -0.210511479514682 0.0787842179323231
32.0479644746202 30.4155180106573 30.2588163925041 0.66071065301575 0.434731562002672 0.611939459415884 0.432790968160335 0.445459760212871 -0.783745864365424 -0.260774711352514 -0.199149447863361 0.203108349594787 0.383244108324881 0.3678787997438 -0.304044951899833
31.2710380697486 30.7893878699932 29.8267117434526 -0.354414047953331 0.199856468532471 -0.913481294060855 -0.912166241648394 -0.288866635332689 0.290703998232979 0.166001424014675 0.0566613505807406 0.271523651135154 -0.0684990406818768 0.186468701080152 -0.235312839611382
30.8505366829999 31.0466091671795 29.8517042957833 -0.212374313219335 -0.639398108767011 -0.738963605050853 -0.957377665548748 -0.0153540533394495 0.288430682408174 0.0505343241990786 -0.281929038013335 0.317273608454851 -0.80928764167559 0.149428052452001 -0.455248244304942
30.3042204132615 31.1287477931314 29.7019383887691 0.0620354185008885 -0.99689207655638 0.0485571266711065 -0.910607261581347 -0.0366152759613982 0.4116475880187 0.161346076661397 -0.065153386008742 -0.409932726815175 0.477650684735831 0.494449314877704 -0.358328005952992
29.8794345520917 31.0508478829556 29.6816595676958 0.346218949776172 -0.814457400095155 0.465608829647972 -0.928090369294816 -0.224847034250287 0.296803095689854 -0.282392574815258 0.195564948720801 0.135648722307815 -0.453898388377273 -0.580886936187344 0.468835920211931
29.464150365734 30.7259142403607 29.6770318313798 0.328122676043464 -0.279410001719777 0.902366644111468 -0.931413292512777 -0.254961538589165 0.25973812267501 -0.24138097006165 0.411914418096445 -0.074892525992454 -0.147506291646578 0.69995624418053 -0.688669484504688
29.0181692088921 30.4745323894913 29.873899957592 0.508841625186526 -0.0616936242684488 0.858646666098562 -0.842177349869579 -0.242347129997978 0.481669160262942 -0.260932951306718 0.1042032372933 -0.0722874275071913 -0.652250800049327 0.0844183095998498 -0.971837724308384
29.0222703716196 30.1452010843948 30.0477177509469 -0.205142667331921 0.677354419457389 0.706475389862575 -0.837280000395348 -0.495249846041919 0.231710575791073 0.107296865257899 0.191035742373655 0.0363928647179164 0.143568551777917 -0.373215505981785 0.248928006553057
28.4684116241803 29.1835723548204 29.7144296014901 -0.419578397104331 0.112644040005488 -0.900702663998846 0.753472665358179 -0.510124840435099 -0.414791019344836 -0.787577985198515 0.118077888287212 -0.361015625898785 0.746357727507766 -0.485740044481293 0.497512696573737
28.5678007956003 29.6340822789254 30.8457617760954 -0.0384000314227733 0.804536826034997 0.592660048544081 -0.646338532262951 -0.472321312470282 0.599298823208032 0.136801646558648 0.315335115647596 -0.388453644808533 -0.0432967209599739 0.324623160412801 -0.225939136914402
28.5271935792163 29.4653461900348 31.2439767910483 -0.592725101613086 0.795783543291197 -0.124118919366404 -0.683179772628898 -0.415153154101102 0.600760565375819 0.499264393819029 -0.393790135970586 -0.170533756331716 -0.490668359632576 0.423465250940574 0.0492860654340115
28.2247448006899 29.5230508060665 31.6878791099793 -0.58969229455117 0.572869292781108 -0.569283559516174 -0.77258633714949 -0.194754712593048 0.604302038365479 -0.654390913871616 0.406062093453409 0.119068176004907 -0.159593766265489 -0.122893972043715 0.0298387238982485
