t = 640000
b = 30 30 30
E = -1.14146085985682 -1.45498479503045 0.31352393517363
47.1350018824429 27.7396335804268 4.46418447771467 0.167192990686405 -0.984289220185209 -0.0567559238543447 -0.957626599722798 -0.148432043334935 -0.246818200331289 -0.440492531826841 0.192082441556624 -0.225193099098859 -0.101643644060275 -0.748058000108541 -0.0101019305109753
46.8835937862254 27.5836274394373 4.09760342070188 -0.0435764494739768 -0.810700145449765 0.583837620592388 -0.952724024892314 -0.142170252952658 -0.268522906971358 -0.118916008462591 -0.111435715855405 0.190017002707346 0.314462171739577 0.127370605859321 -0.155642378924961
46.4552682025668 27.2900778546766 3.77531137866279 -0.0121181615887695 -0.479355667840195 0.877537061251095 -0.912421950895688 -0.353727000289809 -0.20582369346044 0.205055138519917 0.113337567814488 0.209019423123594 -0.0866738619717361 -0.175937058999722 0.383856434428855
46.1564685156733 26.9274138048086 3.54191617034282 -0.108719810920039 0.0731088498601904 0.991380400646294 -0.960368895631189 -0.265210511348344 -0.0857611157488861 -0.323199915037844 0.0507567394638719 -0.128799068416475 0.477665820184624 0.0772575575324235 -0.146656141280922
45.8855033395875 26.5817601362075 3.67022131106376 -0.187673477260184 0.715143720730922 0.673311313310699 -0.97294661098168 -0.229380355127283 -0.0275598414526818 -0.0950159715471621 -0.23871159682314 -0.226388336104185 0.428268418184865 -0.388849554877771 -0.46080435715606
45.3963587384169 26.4586597675426 3.85840446718181 -0.100066366455003 0.99067614507066 0.0924526792063435 -0.992700376920566 -0.0931177437317108 -0.0766488582046874 -0.659755438866388 -0.0300349218325167 -0.0284653059154101 -0.482366086696696 0.233035388784169 0.339337011628627
45.040952758629 26.3791924223917 4.14352447871123 -0.117034675847969 0.84910872768186 -0.515089558449468 -0.989896668254158 -0.141541057207272 -0.00840923920284706 0.0301602383351636 -0.0343159378439184 0.296035572723177 -0.00114352322410509 -0.180686493824672 0.888365163899651
44.7736874194656 26.5094008316305 4.42790512832504 -0.195268387531424 0.0860968701111687 -0.976963451613168 -0.930068152005013 -0.332336159813985 0.156607501436171 0.031794624435509 -0.110373579022299 0.426244596485236 0.179438751031789 0.0720491672916102 -0.550964225645717
43.9982360061808 27.1264910785474 4.5062908414672 0.220548424626427 -0.08363008849077 -0.971784132764988 -0.957582238627287 -0.208004889136664 -0.199424728558872 0.0637444090777716 0.805883088653591 0.0501649548333896 0.39451569506132 0.392023672289643 -0.206556810278327
43.534441637543 27.3402536309055 4.22947473046674 0.343910625116914 -0.644674427950219 -0.682730081275736 -0.938719991788967 -0.253872029182085 -0.233138949587397 0.159378367454445 0.20076922392407 0.0764198487006052 0.174060479117814 -0.133246896357987 0.208230469034964
43.1605444902555 27.2757935926572 3.90301051607973 0.400961886694408 -0.914971234205855 -0.0453564327772997 -0.8617809858229 -0.359932559575944 -0.357466201243145 -0.114212554499645 -0.222202700936234 0.47299227414788 -0.0485245783784942 -0.225773598706747 0.115785984333743
42.92933492023 27.0632102200847 3.48423518115101 0.267893610361 -0.891112186352862 0.366267777535985 -0.822493192151219 -0.409506661809542 -0.394726795136206 -0.253903046522476 0.113739337944577 0.158048520508654 0.821906186462461 -0.309034465889319 0.214480724629254
42.7234929479952 26.7064600308039 3.1229197291277 0.0431301903663892 -0.457176570941467 0.888329538888113 -0.720569198048026 -0.63014032666645 -0.289315052379126 -0.129205620468633 -0.531274522107772 -0.0527662935978172 -0.0021959291034472 -0.690228995790023 -0.697756060290718
42.5903232480784 26.185003102003 2.96719844004333 -0.401987113239595 0.0529574043336872 0.914112615663703 -0.806791798254367 -0.492589893491075 -0.326254794753956 -0.131588635855804 -0.228601950192726 -0.484346617744346 0.158492148426997 0.0753250072128532 0.250212271818915
42.279818261878 25.7493260902462 2.96799412295659 -0.374750157772501 0.432277915693016 0.820181762082997 -0.841807403603174 -0.529339232454919 -0.105642189597275 -0.660912154246191 0.263758519072466 0.589349497037497 -0.172633806096815 0.165144528822479 -0.347631494720087
42.1183392260847 25.4030622023899 3.14325864008761 -0.620318908304103 0.682988733779409 0.385656377531603 -0.76489786905039 -0.635582951656464 -0.104716576939122 0.176175949005567 0.528150278426402 0.21648702592581 -0.300553455153522 -0.133863591210676 -0.382424538385474
41.3450016151271 26.1821506534945 3.58663674624721 0.695961168236495 -0.636612417678693 -0.332208792725569 0.718050704389803 0.612841544664222 0.329891538325673 0.649444929299097 -0.263377763602751 0.338574036572094 0.151184852652597 -0.67079838349679 0.27739684449638
41.7624063106528 26.287438406082 3.88711692539813 0.430507633349272 -0.525878747915606 -0.73356303077427 0.890728253411488 0.378845738133168 0.25115550018436 -0.276590367694588 0.313986518655632 0.205644098327969 -0.545706630556022 0.174275361755327 -0.0251671230243218
42.2060853102987 26.196962596513 4.13149173492889 0.19668714453164 0.11956262437142 -0.973148984497971 0.920930272078506 0.318068046353777 0.225211349310185 -0.105476252494656 -0.239900813229066 -0.221051803077099 0.131762210692232 -0.073669918962818 -0.0305678501868894
42.6791909416061 26.0563449138544 4.11199157271633 0.0168407150261346 0.704243493379086 -0.709758756445177 0.971939812335192 0.155044706859213 0.176901498220887 0.196414289130289 -0.193370705682231 -0.106814341132722 0.0876222675224943 0.363823219062286 0.081970947512461
43.2576691969313 26.0197877922249 4.09519032911083 -0.251213060187854 0.840239762909176 -0.480509249877026 0.922589827194939 0.358016639608372 0.14370837317266 0.111803246248443 0.295752494032869 0.070943783539125 -0.292825296332648 -0.031167348098597 -0.133333738832087
43.6452219631973 26.1865353393303 3.82054158068281 -0.451902878155242 0.876081913281796 0.168119808278315 0.891618039881388 0.437602278016896 0.116282058944967 -0.0665091765129737 0.154957341362904 0.465480126662017 0.178535389248341 0.0144773666917725 -0.00714627996047685
43.9389333613646 26.5111565125799 3.43201534754003 -0.268121424324784 0.716249047523107 0.644281152712328 0.96222066551445 0.166227932115377 0.215637810788388 0.159067878860054 -0.311147703021408 0.307965191873453 -0.492102755731715 -0.293796078417949 -0.581635685561819
44.2577518085811 26.9540928859353 3.31387069976271 -0.159622667928321 0.0982463052556548 0.982277082796424 0.97267295127734 0.185600438077089 0.139498413033931 0.400577834821836 -0.243755127273385 0.0361437413020414 -0.0928633710242319 0.435789625746799 0.494490714038607
44.5943344004155 27.2677978821458 3.46951999017119 -0.184019610998842 -0.557546950268291 0.809492545372945 0.936065388727667 0.151839472178084 0.317374168316793 -0.314474577461614 0.385167163259393 0.342965429860565 -0.356957088836256 0.0112321307929876 0.587124209855182
44.7905964632952 27.4320634821727 3.89538126454072 0.326933441033988 -0.935081420104038 0.136884122197904 0.894790446500996 0.352888166966421 0.273532444996232 0.567934268892887 0.559468205042236 0.408322111037145 0.112038201692093 -0.63400465784424 0.0217256990536768
45.2321576333041 27.5712310869422 4.16613766451159 0.172857159546417 -0.964602264460314 -0.199155401110717 0.963230212046581 0.12332840114294 0.238699945689569 -0.667720032250669 -0.559284131578382 -0.156754019920835 0.396969198920655 -0.0933040222831486 0.201867515381651
45.5516953481232 27.3772525016699 4.49011358561236 0.257610295730364 -0.575957591966455 -0.775828452552443 0.947969206278458 -0.00479153257037133 0.318325973121026 -0.206290732164401 0.05531095112715 0.261331393694841 -0.0105721985749489 -0.293124905159422 0.143371517322734
46.0260561471396 27.0751068394204 4.78586387316685 0.0964495822013189 -0.144802243861165 -0.984748591400851 0.966168115393216 -0.224143368173493 0.127588883925505 -0.672015220127031 -0.159373441062681 0.249059703304229 -0.100263939953407 0.0429246190293075 -0.0453259319079872
46.4582427486393 26.7379499892729 4.80227739419876 -0.00701056331928656 0.465818197001628 -0.884852676632735 0.999729787863285 0.0228769734368294 0.00412254111393956 -0.0663382918095534 -0.0734010090387992 0.299427726806514 0.169199072555053 -0.457569640381115 -0.184770700253251
46.8754971454929 26.5698278384887 4.64822620504477 -0.029739235646944 0.92671051894454 -0.374597373109707 0.999468757927067 0.0325684858571271 0.00122297044515259 0.093770282259799 -0.192498885227718 -0.605564757538087 -0.573432277703443 -0.275831375088015 0.0471602918920024
47.3084173826942 26.5861248026163 4.35756703306531 -0.181763714033 0.950276679623064 0.252856054753503 0.983276982921586 0.172677868675869 0.0578681996109082 0.160732781807024 0.314311963567344 0.22691886504908 0.0628911141677083 -0.270315254558544 -0.523650741496269
