t = 725000
b = 30 30 30
E = -1.19740139218584 -1.53174220487073 0.334340812684893
23.3359485016863 -5.067885115111 15.6258842665423 -0.908315499965604 0.409033730698363 -0.0874891974658933 0.0681176426420986 0.351016188119428 0.933888442180867 -0.0677006972498405 0.568647323428568 -0.286056780232329 0.142575231989167 -0.585589937836044 -0.300531165476746
23.3349437905922 -4.56720683986364 15.9243737331616 -0.979663318558901 -0.193771810660773 0.0520794360897073 -0.00231651526210613 0.270461125943627 0.962728109650062 0.683415415833775 -0.210729638470946 -0.281955870423609 0.276907286729188 0.500517469682866 -0.120024668875556
23.221799056902 -4.24478470088936 16.2780122879501 -0.566769223513729 -0.809139948823679 0.155129592583903 0.0362823663220223 0.163596326293671 0.985859945386397 0.274017413391611 -0.221946995145321 -0.0130421238257136 -0.101192974372328 -0.239866385602752 0.242387171266826
22.9578549010192 -4.12035635912478 16.7512710940723 -0.0506668386873228 -0.997641090770412 0.0463154991749052 -0.213945009827643 0.0561406646682488 0.975231130830246 0.132854157370117 -0.00897585761323641 0.661760085753332 -0.18739150318029 0.405209058809121 -0.579537300957556
22.6065456868581 -4.20847734550387 17.196936456134 0.46030067809296 -0.887711443527805 -0.00957490349473155 -0.271602214257756 -0.151084460911574 0.950476576713676 0.0695870097693393 -0.265380733714753 0.33560494127462 0.270489774158581 0.512117245584496 -0.508366851789509
22.3419163517271 -4.46914525518715 17.5805668773014 0.803299627322339 -0.594534899413628 -0.0351846859163017 -0.157251825378574 -0.268708024775265 0.950298827125698 -0.160647567230384 0.664437245017861 -0.386271865017279 0.348008609197485 0.685767762152719 -0.176084504741516
22.1860403285619 -4.88257079326911 17.8797824093612 0.989367158246518 0.0457172826226367 0.138067216430281 -0.121713457727325 -0.259395791232758 0.958070799940584 -0.0139012113116345 0.135422657978711 0.967787922245025 -0.129864863531019 -0.0897995693363268 -0.0353476020516562
22.2267567191512 -5.2287551173591 18.2849535891785 0.707396079503412 0.694135182762893 0.133293416018714 -0.104228764859767 -0.0840784725095801 0.990993024716246 -0.279107859204963 -0.186316155406582 0.344254843065102 -0.235498516636463 0.155945944062832 -0.00406706378192347
22.6199217481674 -5.57183535656117 18.4579344050998 0.2628992549526 0.885160298724885 0.383894812815482 0.0141806037660421 -0.401393294392115 0.915796010961962 0.313959960990863 0.738475459827261 0.381611264341985 0.0776243466768575 -0.0929456481958963 0.0657559283765991
22.934473724836 -5.68535479942463 18.8801884856672 -0.397202351999452 0.850570869947655 0.344614983369227 0.0480614986474376 -0.355713118760003 0.933358596408588 -0.331470098977668 0.350551607774213 -0.204281796881991 0.140301447909546 0.0522279580477567 0.197016817359922
23.1165239422101 -5.60379081982413 19.4029179835531 -0.836725712172768 0.533216088690718 0.124782552267408 -0.0695536347714846 -0.329494171332776 0.941592206290936 0.054899589009666 -0.0689814006632822 -0.22688905779875 -0.315789879102375 0.656924373361412 0.364805564966651
23.1645143380564 -5.43224736799797 19.8890304076838 -0.99644258770626 -0.0696604086014252 -0.0474299154408429 -0.0279997174525909 -0.257179049444574 0.965958048959354 0.426778365308795 0.295033722184405 -0.280540290182682 -0.14472797627538 0.513069028488534 -0.322152436468046
23.0208911940394 -5.34500434687875 20.3893044256549 -0.742644338100309 -0.566198061034719 -0.357629896356664 -0.250542243981699 -0.260343064577947 0.932443066737478 0.0726237711637709 -0.0510119469387127 0.300906271248817 0.488745475228592 0.603785606917251 0.514507841977486
22.598143561223 -5.30777834849518 20.7666633132094 -0.21725399763444 -0.887762215712931 -0.405806541179807 -0.365965679428115 -0.311330970067768 0.877007496294867 0.218796545444386 -0.0646214122951917 0.299757199701062 0.25630893721687 -0.882676898587176 0.376772920761562
22.1185013292663 -5.43737279182947 21.0883916346549 0.403257995177085 -0.878754880012291 -0.255289737710572 -0.318782341976852 -0.396406292744071 0.860952884609056 -0.250416826015122 -0.250961407663294 0.032004197793287 0.165568168781241 -0.262587872198299 0.60463752755137
21.7801999243954 -5.7770087811634 21.2924956497016 0.794674372949149 -0.593759055628055 -0.126264899467656 -0.389893124834498 -0.658673690524026 0.643531134148358 -0.678530001124555 -0.0125678080929642 -0.24369732508456 0.118422658159487 -0.74944045767987 -0.13494852920829
22.6386363371022 -6.5207520917106 21.224071782689 -0.857898066639137 0.510074274875886 -0.0619285182018193 0.324106635933119 0.443675479341565 -0.835527951402679 -0.0814468147445416 -0.447929012391417 0.156624607171774 -0.313617120708805 0.0358311471781813 0.376864185805982
22.5790461918294 -6.51238955317746 20.7240428295902 -0.422626519568236 0.850827562486558 0.312216725802461 0.183565976681686 0.417714781309674 -0.88984149918978 -0.0898034397663734 0.268633592383952 0.306681058855238 -0.426855962418195 -0.0827609585790734 0.0912349799799276
22.2841150951683 -6.37376844221162 20.3197981500035 0.319019677161602 0.869140760831904 0.377916370966202 0.0281254656587229 0.389894262566674 -0.92043002026177 0.0394429968528537 -0.460996784367606 0.0572605050650089 -0.210994836123587 0.1673629896761 0.299628865090793
22.1116671665184 -5.96621212849175 19.961316538668 0.723745968485953 0.552214067861302 0.413825321067221 0.0774553223178774 0.530892035651573 -0.843892362523993 -0.372075943728584 0.664550450556013 0.144879363665244 -0.173252225145734 0.0932464346177476 0.073115710631125
21.9905316173489 -5.53120158957469 19.7549757908725 0.990566552977566 0.0840229684839484 0.108249918657249 0.0257136024768712 0.661953964601259 -0.749103303554548 -0.0315152015904918 0.223679266283095 -0.185632617547971 -0.505242675197902 0.147246728633986 -0.385184793352002
22.0807822612697 -4.99996046473688 19.590488491181 0.88382625439962 -0.447069446246931 -0.137768146777097 0.186693710373081 0.607097616494711 -0.772384582027344 0.196039227718804 0.203255744510835 -0.435699250161886 0.131370949211337 -0.0295763643592599 -0.357971289329105
22.4280105035942 -4.66338051253247 19.3140869546846 0.451306427829345 -0.821786365447696 -0.347835705131307 0.0862228462063839 0.428122532157256 -0.899598087065192 0.0150975900777769 -0.00457352559032985 -0.18974195090207 -0.163578223950946 0.476268745617208 0.257295666052573
22.8258472367915 -4.53430369330063 18.9774490817498 -0.269928191325498 -0.844254066874154 -0.463005229013888 0.155284570679802 0.436391537419629 -0.886255678784227 -0.171067928188672 0.153284573215801 0.08241202886728 -0.048569272798326 -0.323778237443886 0.798791540970666
23.1094574331784 -4.44998083670126 18.5271676184571 -0.736021372277073 -0.615971096068072 -0.280806247010454 0.254651091502615 0.132412995371856 -0.957924642262206 -0.0641692080786025 0.443860464023008 0.382203689203375 0.303856343325964 -0.133193987203685 0.291229548647461
23.3478813812331 -4.82785178116273 18.0839403726666 -0.951308205254541 -0.142183545801576 -0.273489557238803 0.274574329607421 0.0123208667053682 -0.96148693894626 0.0679777468090236 0.242785038933255 0.265622037767835 -0.108037461495364 0.0623825613433546 -0.252417052470176
23.4057858694405 -4.9814492582709 17.6064475121182 -0.943003698192721 0.3294127352144 -0.0472363744736191 0.0652137725525246 0.0437332689818291 -0.996912516248868 0.632969754395961 -0.288801695046952 0.162694494483429 0.244860506334381 0.02167082795977 -0.21978065287296
23.2580375021445 -5.2038319391949 17.1515456132374 -0.610475575154313 0.789022979809392 0.0690094882804227 -0.149629905263916 -0.02933101790615 -0.988306927446784 -0.338193757403244 -0.0390659792111472 0.175034097555947 0.204129529433631 0.363514595270296 0.481770953279895
22.9906770940833 -5.32166853538735 16.7428466920872 -0.124560038447847 0.984882597314485 0.120378845022437 -0.322714434859556 0.0745136426011245 -0.943558747826322 0.368149753890989 0.3825566198528 -0.0062232232665806 0.204541741162238 0.445539460343319 0.444112565791686
22.5572747768026 -5.22188817766665 16.4542097241963 0.578018113373194 0.806606844844294 -0.123614151547633 -0.305414696925501 0.0733657555418695 -0.949388923895609 0.327122541473125 0.172633747482129 -0.0234536438274154 0.142676428623247 -0.39019750950931 0.0539718715150251
22.2011596241245 -4.94962436086612 16.0692807278787 0.929186246427137 0.317418537118643 -0.189363121394015 -0.139908291239255 -0.172151736260981 -0.975084329555567 -0.257905006441208 -0.775906153724522 0.242811781842994 -0.31027316489078 0.738174643587688 -0.528248586217346
22.1608709330791 -4.74687696500419 15.6006815905101 0.944540610964697 -0.324297445092212 -0.0517126806990391 -0.0640904638881185 -0.0275963232000318 -0.997562456883994 0.115938863521095 -0.157869191988171 -0.0364263049604558 0.157710661029007 -0.127870960645811 0.00604520176235945
