t = 405000
b = 30 30 30
E = -1.09538623723652 -1.39291041978119 0.29752418254467
41.5518795138031 41.193107775878 24.0753412636516 -0.726589367718237 0.0435254611804917 -0.685691931517237 0.266020967824334 -0.902330477539659 -0.339164493986105 -0.187115901465429 0.0597907314993955 -0.105474818153981 -0.488143154267137 -0.0258786208126549 0.190190581371028
41.292380220219 40.7086453862107 24.0799332670664 -0.117820515265772 0.288363867347305 -0.950244498111423 0.0361763619205175 -0.955027868059309 -0.29430093793309 0.366426818568361 0.316170382000997 -0.0561739007396691 0.26228230467186 0.0587254001317477 0.0692441809884694
41.0760244138046 40.2163253136882 23.8068970987163 0.381336377917316 0.472467339941465 -0.794579876139305 -0.0229015708144406 -0.854436959555149 -0.51905009411462 -0.413807093772092 0.28859138266774 -0.210089772722713 -0.391214015174171 0.06979897514612 0.363948771199066
40.8610754762499 40.0062698348813 23.3472403882765 0.878565650525804 0.314587782384308 -0.359384091037292 0.0208571538810608 -0.77699731005248 -0.629158294313278 0.18569678206039 -0.257234528069893 -0.55059200583397 0.445029494655245 -0.0559344181467412 -0.09246191055306
40.8921338837676 39.7612305584481 22.82621400653 0.966456344412838 0.074373483884461 0.245826604009948 0.20972324816459 -0.7810333284722 -0.588220281012927 0.167105382313628 0.0763385273161437 -0.430195305672155 0.356189235673485 -0.402037026265378 0.00113370138922764
40.9516750877583 39.6725678586099 22.4579704158537 0.75997573073719 -0.324962211552626 0.562882269887155 0.254312071670139 -0.648315302544868 -0.71764381045822 0.281123400531476 0.13678930083914 0.180313190807195 -0.468010489128116 -0.309264783870029 0.712295078206954
39.6555217880867 39.5213942352458 21.7104593511162 -0.566321205001248 -0.536872121449492 -0.625338802551269 0.295769845178426 -0.840581834715159 0.453808745872105 0.208172976473089 0.33453323597773 -0.107830580644896 0.0250487204303954 0.708025642322308 -0.0835379754376784
41.2316121205779 39.5421781481149 22.0450862808412 0.415418561010399 -0.516217807316159 0.748963680412973 0.470868627829051 -0.582435040456694 -0.662610110830332 0.103012198893772 -0.167160607881854 -0.3480290966834 -0.226056261549374 -0.368586498848831 0.0344403607337143
41.6626204500797 39.2979406224523 21.8463625329463 -0.174143806653333 -0.645465872520323 0.743671797243823 0.407212260053349 -0.734816093118184 -0.542423713121738 0.0394040017302218 0.655015198221844 -0.132409872697823 0.479300884141536 0.344230695393505 -0.460116153048443
42.08935702188 39.0593620715533 21.8416903476425 -0.745087215400691 -0.624512638896062 0.234155942281046 0.475876713201577 -0.743761439343324 -0.469425473508215 -0.0635591726932668 0.0621648118618081 -0.380993467191355 -0.281148145022029 0.408518364524878 -0.30062213949029
42.4125764347356 38.6094235895516 21.8198211239939 -0.924360583564508 -0.381516319710733 -0.0016761105701767 0.362214881399851 -0.876199173778426 -0.317923556161685 -0.286070164717334 -0.119556161493377 0.438788369447136 0.306771091674026 -0.0773235309519978 0.523844565707605
42.4726271539048 38.1310062296993 21.9077051789613 -0.76595625148958 -0.0791111595480113 -0.638006618491537 0.336311643669716 -0.8950869906092 -0.292769119912507 -0.22797343368432 0.781423375761798 -0.0419551343666178 0.09760491038922 -0.303452118390618 0.256491270257746
42.4477474224839 37.5762865631495 21.9040433967543 -0.479003306945376 0.300855029094919 -0.824646641540296 0.114881117641327 -0.909868010971472 -0.398675972965893 0.26976860189594 0.46955848756851 -0.255239712114815 0.151800719496821 -0.0133171698021971 0.459852214293944
41.858378797018 37.8740777516169 20.8677571435625 0.345461920294756 -0.23546772195027 0.908411257936523 -0.617462198551725 0.671917753114408 0.408982843661381 0.0871352076681854 0.124157215209178 0.490670973976073 0.0308451720917903 0.0887098174262185 0.367509379744868
41.4988819273879 38.0740389557919 21.2799630399969 0.765971398149631 -0.14997308064884 0.625136698888647 -0.390041398285214 0.664573012561918 0.637346388236487 -0.0667851058642698 0.251250444129113 -0.219940561736933 0.11062620254714 0.197343826376541 0.278223527577494
41.2985887291787 38.1958109195722 21.7842278911131 0.951626658179796 0.293804341330899 0.0899205897259888 -0.285584749791356 0.737816163330576 0.611611526881861 0.477829394248139 -0.0681304235356614 -0.148857641898474 0.268413321776205 -0.115614980493036 0.295979629083564
41.2086024112963 38.3541881434147 22.2887300633867 0.753234849020587 0.477215191986492 -0.452662040332755 -0.0141457303424357 0.699789715166663 0.714208830007048 0.200699202325734 -0.156452821523759 0.281183836181589 -0.216446866128595 0.489439309540947 -0.502750029777634
41.4778580371667 38.5198169935919 22.6937295075317 0.189936097390446 0.709710925436186 -0.678405985545973 -0.00386294390496479 0.691519214108425 0.722347737715879 0.143392972871656 -0.286089373686621 -0.173135536664039 -0.372126548496977 -0.45619462015341 0.166688776956843
41.6794763091381 38.8533697822643 23.0102569825983 -0.315708317571717 0.550219980568264 -0.773037018000753 0.0148688790219688 0.817472765043544 0.575775298921977 0.0917146030246035 -0.332376145845441 0.109269483773118 0.0652469286608083 -0.216624121200069 0.481669426968945
41.9141043056791 39.3428951275187 23.1645271299645 -0.657719166789558 0.272318256809482 -0.702316356527382 -0.0507154717456799 0.914240496417521 0.40198539231651 0.0290756954178163 0.159731638051924 -0.673503521489628 -0.405653700138661 0.446107328492958 0.113760428997612
42.0251510056551 39.8802093064165 23.0588643534494 -0.957718738394403 -0.0657616531427437 -0.280089669756234 -0.162693775757459 0.926713446752047 0.338722486615089 0.0933809706177179 0.454702275049878 -0.294781155136601 -0.0352192404580105 0.288552294105728 0.0819555308655034
41.9129795616636 40.4095816800394 22.9177900195249 -0.873372072381689 -0.345486564006658 0.343307817089246 -0.233810439675612 0.91573757983283 0.326737452981133 -0.190024035865771 0.420428067036232 -0.279905292966643 -0.0611840240568767 0.370121375066626 0.57518353541106
41.5691221914782 40.8101955277496 22.9342749859172 -0.46933333810552 -0.550288838836222 0.690585557042004 -0.361750826297241 0.833253374783778 0.418120979005723 0.245235142085542 0.101096132223667 0.157532717826692 0.139309876371353 -0.361492604057452 0.27101521732138
41.1363362263147 41.0571690299711 22.9356296470434 0.20971499182533 -0.253882932774429 0.944226179815814 -0.423777012865355 0.846683091194188 0.32177754187136 0.226322727335822 0.115873838226189 0.15361454073978 -0.00340485265441094 -0.274331423272836 -0.860492151536297
40.6821186468886 41.3185286925835 23.2174549430829 0.765619956006954 -0.06457415583571 0.640043952679826 -0.382464244323211 0.754311445226366 0.533605983301156 0.430605667394916 0.262982910744494 -0.228928054324198 -0.132136144982795 -0.844633454714903 -0.090777118386928
